##FastQC	0.11.7
>>Basic Statistics	pass
#Measure	Value
Filename	ERR187494
File type	Conventional base calls
Encoding	Sanger / Illumina 1.9
Total Sequences	6369146
Sequences flagged as poor quality	0
Sequence length	17-28
%GC	51
>>END_MODULE
>>Per base sequence quality	pass
#Base	Mean	Median	Lower Quartile	Upper Quartile	10th Percentile	90th Percentile
1	32.838079076849546	34.0	31.0	34.0	31.0	34.0
2	33.01565767215887	34.0	33.0	34.0	31.0	34.0
3	33.10091431410114	34.0	33.0	34.0	31.0	34.0
4	36.46927767082117	37.0	37.0	37.0	35.0	37.0
5	36.372923779734364	37.0	37.0	37.0	35.0	37.0
6	36.29011770180806	37.0	37.0	37.0	35.0	37.0
7	36.26966629435092	37.0	37.0	37.0	35.0	37.0
8	36.333992186707604	37.0	37.0	37.0	35.0	37.0
9	38.273746747209124	39.0	39.0	39.0	37.0	39.0
10	38.248976236374546	39.0	39.0	39.0	37.0	39.0
11	38.24671549372553	39.0	39.0	39.0	37.0	39.0
12	38.22147003695629	39.0	39.0	39.0	37.0	39.0
13	38.14575737469356	39.0	39.0	39.0	37.0	39.0
14	39.67914615240411	41.0	40.0	41.0	37.0	41.0
15	39.65736191319841	41.0	40.0	41.0	37.0	41.0
16	39.66207981415405	41.0	40.0	41.0	37.0	41.0
17	39.69916767491277	41.0	40.0	41.0	37.0	41.0
18	39.688830912566274	41.0	40.0	41.0	37.0	41.0
19	39.63489169672327	41.0	40.0	41.0	37.0	41.0
20	39.731475668081266	41.0	40.0	41.0	38.0	41.0
21	39.531992309404274	41.0	39.0	41.0	37.0	41.0
22	39.436086369949344	40.0	39.0	41.0	37.0	41.0
23	39.12481695030958	40.0	39.0	41.0	36.0	41.0
24	39.167878327383285	40.0	39.0	41.0	36.0	41.0
25	39.349843953427325	40.0	39.0	41.0	36.0	41.0
26	39.378062266076896	41.0	39.0	41.0	37.0	41.0
27	39.357573369444566	41.0	39.0	41.0	36.0	41.0
28	39.24780353503772	41.0	39.0	41.0	36.0	41.0
>>END_MODULE
>>Per tile sequence quality	pass
#Tile	Base	Mean
1101	1	0.24403448272126838
1101	2	0.2678452228827197
1101	3	0.2041019379360023
1101	4	0.15454018662479996
1101	5	0.20424030545719773
1101	6	0.1750329371706485
1101	7	0.14113378903521578
1101	8	0.18416029697628034
1101	9	0.18239443457704851
1101	10	0.23049539021842236
1101	11	0.17790489742268534
1101	12	0.2052470081339166
1101	13	0.27327621631099674
1101	14	0.3512418529844652
1101	15	0.38555309270845584
1101	16	0.2719868167320172
1101	17	0.2517657219073115
1101	18	0.2937585543690062
1101	19	0.2999064365712627
1101	20	0.26762287454697287
1101	21	0.276121618548153
1101	22	0.19238099150728516
1101	23	0.28130132450326784
1101	24	0.2955178356893242
1101	25	0.29658195801158627
1101	26	0.30376852186638814
1101	27	0.24862073885883973
1101	28	0.23379154441610694
1102	1	0.1642241209623947
1102	2	0.19767379656471462
1102	3	0.16137164967748419
1102	4	0.12120722777078896
1102	5	0.0998320876841774
1102	6	0.04880804108961456
1102	7	0.12256921529147036
1102	8	0.12196001656769084
1102	9	0.12812145160580712
1102	10	0.13377540495609708
1102	11	0.17591725287127957
1102	12	0.18759728165094458
1102	13	0.13644895074641994
1102	14	0.12437592472224424
1102	15	0.09690811596075122
1102	16	0.16153318432267838
1102	17	0.15471674891495724
1102	18	0.1981422971939395
1102	19	0.03550883671457683
1102	20	0.1277836569786288
1102	21	0.13866278713059188
1102	22	0.08602442061703641
1102	23	0.01041449676963424
1102	24	0.008517135661747943
1102	25	-0.04089164854904226
1102	26	0.058346357016517914
1102	27	0.23209314103556977
1102	28	0.3996321959536573
1103	1	0.15965161747485013
1103	2	0.1644362887255113
1103	3	0.1532816464952944
1103	4	0.1156411814713394
1103	5	0.15918397765092607
1103	6	0.1250693388943276
1103	7	0.11165070002581956
1103	8	0.1158933713419259
1103	9	0.10621486374226663
1103	10	0.09170238462600366
1103	11	0.08087786862034818
1103	12	0.14221996554284289
1103	13	0.0931714751079511
1103	14	0.16703702530866593
1103	15	0.26857856533778346
1103	16	0.2241573241320367
1103	17	0.194777223397125
1103	18	0.17399051160947465
1103	19	0.12080137451329165
1103	20	0.09473506245087293
1103	21	0.1322665019500917
1103	22	0.206126883460918
1103	23	0.22335758681987272
1103	24	0.2596582566609129
1103	25	0.23908769718863
1103	26	0.17568035873149768
1103	27	0.24118451044898137
1103	28	0.17870469578087267
1104	1	0.006399092722489286
1104	2	0.07226003884086651
1104	3	0.008866411478194891
1104	4	0.0523425018224799
1104	5	0.032001992165106685
1104	6	-0.002756917029770989
1104	7	0.021222139207814905
1104	8	0.018025221896692756
1104	9	0.03437617780637936
1104	10	0.011796532512235558
1104	11	-0.06619284845358919
1104	12	-0.054830194896439366
1104	13	0.01554748446497456
1104	14	0.0752011977953373
1104	15	0.10116503262009502
1104	16	0.05203958563193112
1104	17	0.05893106655000224
1104	18	0.06465712140599322
1104	19	0.00996071506902041
1104	20	0.003349353172389158
1104	21	0.09480803506190938
1104	22	0.023090444045863023
1104	23	0.01268483998215686
1104	24	-0.10814070652657648
1104	25	-0.1750824644461133
1104	26	-0.08620261810474972
1104	27	-0.14295826810487
1104	28	-0.3209971527581814
1105	1	-0.18244697483607553
1105	2	-0.09037675341245688
1105	3	-0.10101825836167677
1105	4	-0.021673205863862677
1105	5	-0.07087473742785733
1105	6	-0.1287802582530162
1105	7	-0.07991761419641108
1105	8	-0.07021998904325244
1105	9	-0.1135892966584251
1105	10	-0.10387015503533092
1105	11	-0.19149531085060545
1105	12	-0.19386853281021388
1105	13	-0.18306501454469526
1105	14	-0.20824254881514292
1105	15	-0.1952290588608676
1105	16	-0.25080442203393716
1105	17	-0.239619697926706
1105	18	-0.16759513899171452
1105	19	-0.13352667893177284
1105	20	-0.1592248216836083
1105	21	-0.21054541978893582
1105	22	-0.22814357887115477
1105	23	-0.28577224103809584
1105	24	-0.3346140834135909
1105	25	-0.3916949519541433
1105	26	-0.31670878446328743
1105	27	-0.37790857337366646
1105	28	-0.23309017601399518
1106	1	-0.30128267068832315
1106	2	-0.20832017928486124
1106	3	-0.22435973610886606
1106	4	-0.1156108666122222
1106	5	-0.159035367514214
1106	6	-0.18940060151486904
1106	7	-0.1362405412949812
1106	8	-0.29058381158301927
1106	9	-0.3621998166739502
1106	10	-0.3425896191099582
1106	11	-0.27117828710896674
1106	12	-0.26072503735672825
1106	13	-0.4424733807410064
1106	14	-0.5026602784011445
1106	15	-0.3106060287700956
1106	16	-0.38825320363165616
1106	17	-0.33335276821100734
1106	18	-0.2892115048992636
1106	19	-0.5046530900741715
1106	20	-0.4033665361417036
1106	21	-0.30421321655430944
1106	22	-0.3616677690996113
1106	23	-0.370570877780132
1106	24	-0.5670412298208802
1106	25	-0.5538288404671903
1106	26	-0.46810406722439524
1106	27	-0.5121391216673601
1106	28	-0.5130149880440698
1107	1	-0.4838098706122551
1107	2	-0.3684067742647201
1107	3	-0.36918963466399646
1107	4	-0.2687696609771777
1107	5	-0.27271677272725015
1107	6	-0.31792204117712686
1107	7	-0.3014218764123555
1107	8	-0.30702520967087565
1107	9	-0.39294859112276015
1107	10	-0.37980075172383465
1107	11	-0.4838715126137032
1107	12	-0.5741005597221971
1107	13	-0.4782952033347172
1107	14	-0.6147802274857099
1107	15	-0.6286291249329636
1107	16	-0.6414040176306841
1107	17	-0.6673985327788188
1107	18	-0.71161588311287
1107	19	-0.6058028474936492
1107	20	-0.6584984303092227
1107	21	-0.5977247859157586
1107	22	-0.7208201507916243
1107	23	-0.6739503962317102
1107	24	-0.5986309927258233
1107	25	-0.7130292017351465
1107	26	-0.8961787747605925
1107	27	-0.8726572851525205
1107	28	-0.7039560503773217
1108	1	-1.1380744831408514
1108	2	-0.8128921670579317
1108	3	-0.7616794302506804
1108	4	-0.49263970873769125
1108	5	-1.0259781888167865
1108	6	-0.8355292266563978
1108	7	-0.7833495050386574
1108	8	-0.7200300961480011
1108	9	-0.7496925066508879
1108	10	-0.6574999556514456
1108	11	-0.7647695597688227
1108	12	-0.7346266410696316
1108	13	-0.7983846350888726
1108	14	-0.973930785674554
1108	15	-0.94002594020332
1108	16	-0.9089875730001182
1108	17	-1.0394844692732974
1108	18	-0.8740954650438226
1108	19	-0.7774831336293602
1108	20	-0.975461656924054
1108	21	-0.8545355595444448
1108	22	-0.8497439247648089
1108	23	-0.8372082746825811
1108	24	-0.9104462363151811
1108	25	-0.9691036941502631
1108	26	-0.9517523749204955
1108	27	-0.8574984612964727
1108	28	-1.0038339776668934
1201	1	0.2624417565722652
1201	2	0.27773649892358776
1201	3	0.22617147731001097
1201	4	0.13222465810125072
1201	5	0.17453456155089242
1201	6	0.16813283684999192
1201	7	0.14551617470895906
1201	8	0.1833839447527339
1201	9	0.19671575538092867
1201	10	0.2499921133760239
1201	11	0.22758130707057234
1201	12	0.23268454366429836
1201	13	0.2846786612693819
1201	14	0.33571923631811984
1201	15	0.36035929225052143
1201	16	0.2561006281026579
1201	17	0.30275096131269663
1201	18	0.26860011373010195
1201	19	0.25230130139532037
1201	20	0.2839678382985795
1201	21	0.22889069230283354
1201	22	0.2696098071930777
1201	23	0.298959880915902
1201	24	0.24826312096027436
1201	25	0.31467399385344663
1201	26	0.4014855669839221
1201	27	0.3700487114730606
1201	28	0.37756850662073305
1202	1	0.17514493067132975
1202	2	0.19468619590742264
1202	3	0.14235529195886443
1202	4	0.11451189903952752
1202	5	0.13813657625750864
1202	6	0.10572990479357713
1202	7	0.09923050043754245
1202	8	0.15251637128849183
1202	9	0.1540333707488486
1202	10	0.20082644712167763
1202	11	0.16905358076405008
1202	12	0.14563555337150547
1202	13	0.1916520498169021
1202	14	0.16291797223315285
1202	15	0.15016957299427247
1202	16	0.12735116800838142
1202	17	0.19010850899364584
1202	18	0.1996494363399961
1202	19	0.0666718414930898
1202	20	0.06057975961763162
1202	21	0.12466773437108714
1202	22	0.043576259703989706
1202	23	-0.020884810409192767
1202	24	-0.0874640326591134
1202	25	-0.14446484044376717
1202	26	-0.04580130858913378
1202	27	0.1114385860855478
1202	28	-0.04101261368712983
1203	1	0.20078477656625893
1203	2	0.2190981934017202
1203	3	0.17231294405104336
1203	4	0.13476979854105053
1203	5	0.1751203813482647
1203	6	0.147512152014869
1203	7	0.16953914653308289
1203	8	0.11955985070186159
1203	9	0.11660605485979403
1203	10	0.15814861592782847
1203	11	0.16986623227271025
1203	12	0.1996588092270386
1203	13	0.1830553782603701
1203	14	0.21416499980295356
1203	15	0.2626467409901707
1203	16	0.21665238983270285
1203	17	0.15090978590657755
1203	18	0.22641948531884282
1203	19	0.18418432340465074
1203	20	0.22031596969432599
1203	21	0.13835508761088988
1203	22	0.11253221059303797
1203	23	0.20848194291400546
1203	24	0.13733893676236164
1203	25	0.16214638232685985
1203	26	0.13253461950041157
1203	27	0.11323560869755767
1203	28	-0.009422554237495717
1204	1	0.1166100710114577
1204	2	0.11062143399360735
1204	3	0.08700393752664581
1204	4	0.07192930433487987
1204	5	0.10986665568098886
1204	6	0.11328080349506564
1204	7	0.11465761646005745
1204	8	0.099512225341293
1204	9	0.08961532585885124
1204	10	0.05004154067936639
1204	11	0.031966701313344004
1204	12	0.06833092457195278
1204	13	0.12344228104259258
1204	14	0.0641060116193728
1204	15	0.14932271852924117
1204	16	0.12605119173901613
1204	17	0.08492722304616507
1204	18	0.09987299152620466
1204	19	0.033605125647476086
1204	20	0.05716375227827086
1204	21	0.06044377389352462
1204	22	0.025839379131930684
1204	23	0.003940714598037687
1204	24	0.027885249576698357
1204	25	0.033694689272877554
1204	26	0.11983968833386172
1204	27	0.014128147929334034
1204	28	0.17722945868919737
1205	1	-0.15443717629506892
1205	2	-0.07791314203763022
1205	3	-0.11772980650310672
1205	4	-0.020301086011599523
1205	5	-0.005452536294804133
1205	6	-0.061336477894720076
1205	7	-0.03595350550698839
1205	8	-0.08481130160115669
1205	9	-0.06471174025939064
1205	10	-0.11947332182372605
1205	11	-0.13802663904708368
1205	12	-0.11540638769825762
1205	13	-0.05566014036731559
1205	14	-0.1279475246749513
1205	15	-0.06055544651047029
1205	16	-0.08431610939021539
1205	17	-0.13493615829352734
1205	18	-0.11136666379042737
1205	19	-0.1807416067118197
1205	20	-0.30268783615004935
1205	21	-0.3229779298887294
1205	22	-0.26654446634325524
1205	23	-0.28009341523102904
1205	24	-0.22673283967048263
1205	25	-0.2011892964376898
1205	26	-0.0437751763026597
1205	27	-0.14972308392722766
1205	28	-0.3536329735087804
1206	1	-0.24170352467962886
1206	2	-0.1486693407969284
1206	3	-0.15939332905753645
1206	4	-0.05543141759339676
1206	5	-0.09369454384396647
1206	6	-0.12248640981342618
1206	7	-0.08194329711326986
1206	8	-0.12149299301051997
1206	9	-0.13492361091488903
1206	10	-0.5664905887396188
1206	11	-0.2638490692652269
1206	12	-0.2541025617701038
1206	13	-0.30925912042906134
1206	14	-0.3886591575532776
1206	15	-0.3402937872215972
1206	16	-0.28015637642153024
1206	17	-0.3068349362544822
1206	18	-0.27278366104487617
1206	19	-0.43154964990203837
1206	20	-0.2737323022898863
1206	21	-0.3069729165080659
1206	22	-0.3397383573774988
1206	23	-0.33943592397976374
1206	24	-0.43371024095031885
1206	25	-0.46033861029663825
1206	26	-0.23722988339541473
1206	27	-0.39511713841842067
1206	28	-0.09461689357124925
1207	1	-0.42828621846828696
1207	2	-0.3150997006493128
1207	3	-0.341012471519754
1207	4	-0.16624233373389785
1207	5	-0.16559973440475062
1207	6	-0.3008383160854251
1207	7	-0.2904481040443727
1207	8	-0.29951497277102845
1207	9	-0.30884442764361353
1207	10	-0.28415568772375366
1207	11	-0.3548251368641999
1207	12	-0.3938321939428633
1207	13	-0.3581457309397251
1207	14	-0.4658460740504182
1207	15	-0.40387668520590836
1207	16	-0.6187609839000245
1207	17	-0.6901909220536453
1207	18	-0.6318309155969501
1207	19	-0.46685613140260074
1207	20	-0.5111063692828637
1207	21	-0.48881876297962634
1207	22	-0.5586741348712394
1207	23	-0.46194161941484424
1207	24	-0.447139635826062
1207	25	-0.4689137528662428
1207	26	-0.4140033220736754
1207	27	-0.461458399592658
1207	28	-0.5143594727549896
1208	1	-0.9825497394376868
1208	2	-0.8120393048629992
1208	3	-1.0606288338195213
1208	4	-0.6150878158034203
1208	5	-1.057454080523847
1208	6	-0.8004913079912299
1208	7	-0.6518558498697544
1208	8	-0.511515270386063
1208	9	-0.5975482774337806
1208	10	-0.49558097953135416
1208	11	-0.5540843341471344
1208	12	-0.6348944015515201
1208	13	-0.6871266029701601
1208	14	-0.9700160393011856
1208	15	-0.8867925538158872
1208	16	-0.8149144263689863
1208	17	-0.8688151960908783
1208	18	-0.7148503568822164
1208	19	-0.7497391917880165
1208	20	-0.8690259632982915
1208	21	-0.7565313178531738
1208	22	-0.7081780982907446
1208	23	-0.6893481792704677
1208	24	-0.7036866045287056
1208	25	-0.8222457249211388
1208	26	-0.8021869836954139
1208	27	-1.1627866349014795
1208	28	-0.9617558431804127
1301	1	0.28296442653079623
1301	2	0.2900820619053732
1301	3	0.254187445515889
1301	4	0.17495304729725802
1301	5	0.20639805516293563
1301	6	0.19562953670583028
1301	7	0.17805778225515922
1301	8	0.1669392227580886
1301	9	0.21653157951261193
1301	10	0.24263233331727463
1301	11	0.1863752439376185
1301	12	0.2403413918918389
1301	13	0.3027788457993168
1301	14	0.3407027805263496
1301	15	0.38460468700268535
1301	16	0.2960947005636001
1301	17	0.30196978396453744
1301	18	0.3568146089519786
1301	19	0.3089170208337393
1301	20	0.28956766929046296
1301	21	0.20547002619947108
1301	22	0.20073982866578177
1301	23	0.33178320680323736
1301	24	0.27928221245545615
1301	25	0.2946247084146023
1301	26	0.3092166754262706
1301	27	0.4563403198419138
1301	28	0.48039048696942643
1302	1	0.1666897583833915
1302	2	0.19999432127834638
1302	3	0.14921473339256863
1302	4	0.11872135466111189
1302	5	0.12997729699720395
1302	6	0.12798670369866016
1302	7	0.07515035507555723
1302	8	0.07334789890100524
1302	9	0.11175964978101405
1302	10	0.16299875833664146
1302	11	0.14091151815346592
1302	12	0.139863272115889
1302	13	0.16041678766868017
1302	14	0.15426622118476274
1302	15	0.2111497574670338
1302	16	0.20073792655232836
1302	17	0.17922043646299102
1302	18	0.23527182027282834
1302	19	0.04019808634070188
1302	20	0.14588230460629603
1302	21	0.038595411399136026
1302	22	0.06960905749240709
1302	23	0.03151177602580191
1302	24	0.055586012230683934
1302	25	0.054048270938075405
1302	26	0.1313885256912144
1302	27	0.20736170893108152
1302	28	-0.09421062419326631
1303	1	0.1751409924744891
1303	2	0.18587477411403341
1303	3	0.1330650683390644
1303	4	0.09979660199826412
1303	5	0.12990168575424121
1303	6	0.10893830885036238
1303	7	0.15395236735840712
1303	8	0.11120378824521993
1303	9	0.0891773488071479
1303	10	0.14332383322989273
1303	11	0.07726552608888682
1303	12	0.12409161300934102
1303	13	0.10932801760631605
1303	14	0.241958791919771
1303	15	0.2867327666480577
1303	16	0.22766305247080965
1303	17	0.24189973564454448
1303	18	0.270614926995691
1303	19	0.2577889402902045
1303	20	0.22313579884175283
1303	21	0.2252709470625902
1303	22	0.20981762421855166
1303	23	0.21485404957826404
1303	24	0.10719615983619235
1303	25	0.1917977533397277
1303	26	0.266420249223998
1303	27	0.3190998170880661
1303	28	0.21897416714953977
1304	1	0.03676432333014645
1304	2	0.06631747385089426
1304	3	0.03441930595676723
1304	4	0.06778949484516517
1304	5	0.03554728567468146
1304	6	0.012175896950772369
1304	7	0.04118700750847637
1304	8	0.04418702622008652
1304	9	0.005195659358996352
1304	10	0.07331256116084006
1304	11	0.05543265920675822
1304	12	0.10477656182993655
1304	13	0.09172783379841576
1304	14	0.1260231854031204
1304	15	0.1395156491896472
1304	16	0.10694430116591036
1304	17	0.11492113381183344
1304	18	0.131041356894265
1304	19	0.08508730074581194
1304	20	0.03618854701140606
1304	21	0.01682551787495612
1304	22	0.05931630603658533
1304	23	0.04581354506596824
1304	24	0.1237072843465441
1304	25	0.03743806954526008
1304	26	-0.031235655243051497
1304	27	-0.20628986967987828
1304	28	-0.023683783319931706
1305	1	-0.0796026140085786
1305	2	0.03451866297267259
1305	3	-0.032214640296764685
1305	4	-0.004080871123598229
1305	5	0.00921771525737114
1305	6	-0.015186165228968207
1305	7	0.006145699310863506
1305	8	-0.009542408986654038
1305	9	-0.10073229146674834
1305	10	-0.120624025791912
1305	11	-0.08982023266927541
1305	12	-0.1916205850435091
1305	13	-0.20057818744292177
1305	14	-0.09730781090863161
1305	15	-0.10804188142434157
1305	16	-0.14491535530407873
1305	17	-0.15246311841646332
1305	18	-0.11949572688244103
1305	19	-0.23065157886529164
1305	20	-0.23053255283318919
1305	21	-0.34055975200828925
1305	22	-0.36409597561312523
1305	23	-0.19906142468398258
1305	24	-0.1056229103326487
1305	25	-0.0881951656217197
1305	26	0.08993466062553779
1305	27	-0.323473378788222
1305	28	-0.18374623963228487
1306	1	-0.21703202935974275
1306	2	-0.14623082281087108
1306	3	-0.15853436573871704
1306	4	-0.09529663977053104
1306	5	-0.06158404738810219
1306	6	-0.08676958540812763
1306	7	-0.1090519043377256
1306	8	-0.11029689133246734
1306	9	-0.15751803589328972
1306	10	-0.20064609349101659
1306	11	-0.23275845622454483
1306	12	-0.271902265835692
1306	13	-0.15951001957581212
1306	14	-0.26985843528141373
1306	15	-0.2993765281033447
1306	16	-0.41170495528311335
1306	17	-0.3417209189705872
1306	18	-0.3340481367165111
1306	19	-0.25889618606397846
1306	20	-0.301241882367151
1306	21	-0.3331893894956437
1306	22	-0.4155063266754482
1306	23	-0.3802995743690545
1306	24	-0.33845921941779267
1306	25	-0.30198503638962393
1306	26	-0.2979406103724145
1306	27	-0.5960182312000271
1306	28	-0.5338634624814844
1307	1	-0.41317967197417005
1307	2	-0.32756520726456984
1307	3	-0.3130951695426134
1307	4	-0.1919386597216004
1307	5	-0.20844916956188086
1307	6	-0.28432790523579143
1307	7	-0.25915046098830885
1307	8	-0.3051025644925147
1307	9	-0.3538575042578316
1307	10	-0.44249592788077763
1307	11	-0.3319731405125026
1307	12	-0.3983240136779713
1307	13	-0.4116766052038585
1307	14	-0.46217852147022853
1307	15	-0.4574043264329575
1307	16	-0.48969210925601203
1307	17	-0.4895458829614512
1307	18	-0.5430763562753498
1307	19	-0.5269005952356238
1307	20	-0.5637610991965545
1307	21	-0.5154477433911282
1307	22	-0.44981411210772393
1307	23	-0.5396646311654081
1307	24	-0.563304026872288
1307	25	-0.44896756608660837
1307	26	-0.6985852849428582
1307	27	-0.655512131276609
1307	28	-0.38179985343334977
1308	1	-0.8596038937445911
1308	2	-0.6072204442018148
1308	3	-0.5458163298025553
1308	4	-0.42276801116349105
1308	5	-0.6449839365218963
1308	6	-0.6549176131538772
1308	7	-0.5557870008955135
1308	8	-0.547547470745279
1308	9	-0.586660723548249
1308	10	-0.4793591044452157
1308	11	-0.560522154336887
1308	12	-0.6252540964756221
1308	13	-0.7153893258185775
1308	14	-0.9346139912046212
1308	15	-0.7166714629945261
1308	16	-0.7394823072159795
1308	17	-1.1116978617064746
1308	18	-0.9211979406273088
1308	19	-0.8743856257065374
1308	20	-1.0219497961596105
1308	21	-0.7628903140998347
1308	22	-0.6994387821100005
1308	23	-0.7049982457558812
1308	24	-0.6925005067485941
1308	25	-0.7135500727472248
1308	26	-0.7416059060233735
1308	27	-0.860998847632743
1308	28	-0.6453289819841501
2101	1	0.44650512697312905
2101	2	0.4852678340168666
2101	3	0.41031827163909185
2101	4	0.22833154498279384
2101	5	0.278372539017532
2101	6	0.24055771108105972
2101	7	0.25876555578371807
2101	8	0.27252121483234504
2101	9	0.27454929508447634
2101	10	0.3297613869892402
2101	11	0.3362437070458242
2101	12	0.34502240654752825
2101	13	0.37558278318909544
2101	14	0.4974031155710392
2101	15	0.46727243844824784
2101	16	0.46709914174973477
2101	17	0.5032598960111727
2101	18	0.47066150939451745
2101	19	0.42374171307099573
2101	20	0.45376160013045563
2101	21	0.43250745084945663
2101	22	0.44111550801933674
2101	23	0.5303827759344486
2101	24	0.5029028650009835
2101	25	0.5844904138901867
2101	26	0.49538810755377227
2101	27	0.5570268554038194
2101	28	0.3074763962239615
2102	1	0.3754140881053516
2102	2	0.41458541477881283
2102	3	0.3564015446038269
2102	4	0.20168726909925994
2102	5	0.25465252255283133
2102	6	0.2387518797606134
2102	7	0.24290619130775326
2102	8	0.2444474211014409
2102	9	0.2672879834426851
2102	10	0.3126974841096768
2102	11	0.2589671633864583
2102	12	0.32270656396726594
2102	13	0.24054464594867397
2102	14	0.31682237000095625
2102	15	-0.05724397014061111
2102	16	0.10273494288818341
2102	17	0.2516355452160113
2102	18	0.272753092939773
2102	19	0.21519684887767454
2102	20	0.3237540571823416
2102	21	0.2883758087049628
2102	22	0.12501384515836378
2102	23	0.15832848437071334
2102	24	0.10813152072545762
2102	25	0.22561728624843624
2102	26	0.1702536264922756
2102	27	0.20132662121177702
2102	28	0.24336815731933825
2103	1	0.36778795561856015
2103	2	0.42978291337417573
2103	3	0.3577348214571927
2103	4	0.20752562890997694
2103	5	0.23236154419295474
2103	6	0.20332562426538203
2103	7	0.2411397699793767
2103	8	0.21729827429512483
2103	9	0.248662651065942
2103	10	0.2803544591837053
2103	11	0.22086427826760513
2103	12	0.3073990356739884
2103	13	0.35439015184640965
2103	14	0.45836338415775657
2103	15	0.4418104016317983
2103	16	0.4587502618461343
2103	17	0.4316057808204192
2103	18	0.42715654982945495
2103	19	0.4187255657506981
2103	20	0.39901209017852324
2103	21	0.37901132311280605
2103	22	0.3844886188593648
2103	23	0.4482194262990262
2103	24	0.3201389231291287
2103	25	0.4073391067231853
2103	26	0.5129843139433703
2103	27	0.630014252239036
2103	28	0.6674036511464934
2104	1	0.22686930224247703
2104	2	-0.8633188595765446
2104	3	-0.20905829265375786
2104	4	-0.2971686176787145
2104	5	-0.026330427655139488
2104	6	0.14067258437972896
2104	7	0.1522785150836583
2104	8	0.18408315549169885
2104	9	0.210631192065307
2104	10	0.264520846326441
2104	11	0.2565089667770266
2104	12	0.24407181220929886
2104	13	0.3265238190676314
2104	14	0.37218089672084176
2104	15	0.412114825296662
2104	16	0.4024769274967639
2104	17	0.3965489738533492
2104	18	0.38547615075096786
2104	19	0.4047550931294879
2104	20	0.40967521645715266
2104	21	0.4073360364191174
2104	22	0.4099893798982066
2104	23	0.4435961083710467
2104	24	0.39600898895763237
2104	25	0.3436529383557172
2104	26	0.3922653663873348
2104	27	0.392295693376731
2104	28	0.36642725025946277
2105	1	0.24386290711794345
2105	2	0.25761348352676094
2105	3	0.2403269852963632
2105	4	-0.12174874306332129
2105	5	0.0500296201754864
2105	6	0.12245363096204187
2105	7	0.16236860935231334
2105	8	0.19054165549860613
2105	9	0.21458847739954479
2105	10	0.19589607856512004
2105	11	0.18129921653977732
2105	12	0.14943110913058888
2105	13	0.21937022240842197
2105	14	0.2561747667508101
2105	15	-0.20709017500779225
2105	16	2.134436590210953E-4
2105	17	0.13256801996658396
2105	18	0.18034556798987467
2105	19	0.15299195466070614
2105	20	0.21475701003416958
2105	21	0.12829038156314
2105	22	0.2233419436736952
2105	23	0.3299964802133246
2105	24	0.3755429027891708
2105	25	-0.011167848625873944
2105	26	0.11038659012590557
2105	27	0.24607972955991642
2105	28	0.05545754182832496
2106	1	0.11888530370320183
2106	2	0.20757220372137652
2106	3	0.16067186812474432
2106	4	0.08170240511423543
2106	5	0.11330125416830583
2106	6	0.13417227263607856
2106	7	0.13558447470800417
2106	8	0.11719678348745788
2106	9	0.12711935008994146
2106	10	-0.3156023564676218
2106	11	-0.11611808908106269
2106	12	0.024376381540207603
2106	13	-0.002985480869384105
2106	14	0.051975039362915254
2106	15	0.07767423776809323
2106	16	0.07588144567263555
2106	17	0.13040072514063183
2106	18	0.06778201231752945
2106	19	0.06751953466866212
2106	20	0.1346481066534011
2106	21	0.0761427372825878
2106	22	0.1487101443996579
2106	23	0.18986332429538777
2106	24	0.11064487416607705
2106	25	0.1245575259054732
2106	26	-0.22917210536489563
2106	27	-0.02662935824530166
2106	28	0.011099259322982391
2107	1	-0.05130356563609695
2107	2	0.0606910687582598
2107	3	0.032893132429308025
2107	4	0.03193492083003946
2107	5	0.04270840672506182
2107	6	0.023472028839066184
2107	7	-0.4805737103287484
2107	8	-0.24259881637624403
2107	9	-0.1554139249830655
2107	10	-0.07021519295133771
2107	11	-0.11318474819020707
2107	12	-0.5379628635513427
2107	13	-0.2096167264420643
2107	14	-0.604758292664421
2107	15	-1.1611924651629977
2107	16	-0.9200944543164198
2107	17	-0.7778849590987704
2107	18	-0.48736092189506053
2107	19	-0.260526267695262
2107	20	-0.10653778587642648
2107	21	-0.13009705438285124
2107	22	-0.12161141581908907
2107	23	-0.30026979651047014
2107	24	-0.12212371863770244
2107	25	-0.1347354963465932
2107	26	-0.050634140339738565
2107	27	-0.19864662293537805
2107	28	-0.11567082117528571
2108	1	-0.9165108470250871
2108	2	-0.48175644716215515
2108	3	-0.2940193617457254
2108	4	-0.34307666857624497
2108	5	-0.38481705124281973
2108	6	-0.24124575505177148
2108	7	-0.3438321229945842
2108	8	-0.5336670862027617
2108	9	-0.4453558834203619
2108	10	-0.2719773599470372
2108	11	-0.2186834905673436
2108	12	-0.27228488444588095
2108	13	-0.5937906650726958
2108	14	-0.5115017278177376
2108	15	-0.3126429669857771
2108	16	-0.29738394781063704
2108	17	-0.31261284675751
2108	18	-0.6787931398052578
2108	19	-0.4699950306632559
2108	20	-0.3635688782784001
2108	21	-0.31758384773184645
2108	22	-0.28914177944833597
2108	23	-0.2545944413030483
2108	24	-0.23442858735779737
2108	25	-0.19594346071777835
2108	26	-0.21913858274252362
2108	27	-0.33451428787913073
2108	28	-0.16614717083265163
2201	1	0.5001420133434777
2201	2	0.47981614240731574
2201	3	0.41306601575939794
2201	4	0.2652382595714471
2201	5	0.30523061108983285
2201	6	0.2855156592512742
2201	7	0.2900263195122008
2201	8	0.31354905112336695
2201	9	0.35846830239851357
2201	10	0.375515868726751
2201	11	0.4143685613513881
2201	12	0.3967393051244201
2201	13	0.437478301380942
2201	14	0.5788015561284183
2201	15	0.5729696737505989
2201	16	0.5660059213269477
2201	17	0.5914222317561411
2201	18	0.5491862770300457
2201	19	0.49141377548740195
2201	20	0.5109331659822658
2201	21	0.5471646411021993
2201	22	0.5133114816457649
2201	23	0.5408732022923104
2201	24	0.581390640893737
2201	25	0.6154552875863004
2201	26	0.5080301633318243
2201	27	0.30781525757541317
2201	28	0.4252196831409307
2202	1	0.44171850295141013
2202	2	0.4056426959064794
2202	3	0.3755081965724969
2202	4	0.21114315060677313
2202	5	0.25747244708579586
2202	6	0.2705830321678562
2202	7	0.2715980351512215
2202	8	0.28032617041944974
2202	9	0.3083710529982042
2202	10	0.320271595560051
2202	11	0.30912206956999455
2202	12	0.3073691964707379
2202	13	0.32201278326461846
2202	14	0.32910202827353174
2202	15	0.3928291984759582
2202	16	0.41974803814330386
2202	17	0.45688388740226316
2202	18	0.389575610641387
2202	19	0.42162747723044447
2202	20	0.3659638608708917
2202	21	0.3394913929411487
2202	22	0.37282947726252047
2202	23	0.28538486624550075
2202	24	0.34380083577502774
2202	25	0.4870659380329627
2202	26	0.40932957933386405
2202	27	0.5440399804854508
2202	28	0.4382023409928024
2203	1	0.4644747001342111
2203	2	0.4702537225371799
2203	3	0.39875987758529163
2203	4	0.23616053445890373
2203	5	0.28719177025180187
2203	6	0.2899886046639679
2203	7	0.3029077612401423
2203	8	0.2967360651216424
2203	9	0.324065883343593
2203	10	0.3160012166950139
2203	11	0.3219370672183288
2203	12	0.32968867613360686
2203	13	0.4085128631249688
2203	14	0.5302627526735364
2203	15	0.5617669226980198
2203	16	0.5204587243897549
2203	17	0.5253651743825642
2203	18	0.5000631709659444
2203	19	0.45702296192089165
2203	20	0.43913979473672526
2203	21	0.36764412674389746
2203	22	0.41953140116695664
2203	23	0.48031808791429853
2203	24	0.41770940052968797
2203	25	0.5543605063761632
2203	26	0.45615948148334695
2203	27	0.6652796314907832
2203	28	0.7106411672695856
2204	1	0.1879363472697264
2204	2	-2.1033423119931527
2204	3	-0.5808507723940863
2204	4	-0.1502854355642924
2204	5	0.05523129984265296
2204	6	0.1700652951691879
2204	7	0.22378574656389105
2204	8	0.23081518069507467
2204	9	0.26028359402619117
2204	10	0.26330517751242155
2204	11	0.2646829209954831
2204	12	0.30285381022576274
2204	13	0.31999734704944416
2204	14	0.2739113266143036
2204	15	0.3733317116199544
2204	16	0.39453982297135326
2204	17	0.41307518048696323
2204	18	0.3623583173559055
2204	19	0.4118568902828841
2204	20	0.39361751649025933
2204	21	0.364639907792629
2204	22	0.34639476421842375
2204	23	0.41284941937222186
2204	24	0.35994046626120735
2204	25	0.44150197869183927
2204	26	0.45447527658774334
2204	27	0.5267421575866251
2204	28	0.526677265846466
2205	1	0.30504936411190897
2205	2	0.3296746148912888
2205	3	0.27970300858645913
2205	4	0.17231400492810423
2205	5	0.20544046221480983
2205	6	0.2089644291760564
2205	7	0.20842010837896652
2205	8	0.19665537517740006
2205	9	0.20866449219118977
2205	10	0.23108117734637545
2205	11	0.2382853597194412
2205	12	0.21129117348546345
2205	13	0.29191389357430353
2205	14	0.3439009833195925
2205	15	0.35137520357861973
2205	16	0.3177197171891635
2205	17	0.3277318995583869
2205	18	0.33030948291740714
2205	19	0.3540390882042246
2205	20	0.3478772470476912
2205	21	0.2476836589066167
2205	22	0.2837911876074557
2205	23	0.33303009441746667
2205	24	0.3465612082391374
2205	25	0.3469675460346906
2205	26	0.3056930398853268
2205	27	0.3159621153669363
2205	28	0.18596741560904206
2206	1	0.1963505412294424
2206	2	0.24652943034795527
2206	3	0.1994301330060253
2206	4	0.1244600065098993
2206	5	0.16358198196758877
2206	6	0.12466862972758719
2206	7	0.13436130287254144
2206	8	0.12579256264888983
2206	9	0.16437931617477375
2206	10	0.15147172783397167
2206	11	0.182368178063264
2206	12	0.16718929770286906
2206	13	0.11691469410075683
2206	14	0.19797152016767683
2206	15	0.21510860408332633
2206	16	0.18753775216906376
2206	17	-0.017621798998916915
2206	18	0.014783632094342636
2206	19	0.09301421747560568
2206	20	0.1743212715006095
2206	21	0.050234483439211886
2206	22	0.1266339643300327
2206	23	0.10299781251369922
2206	24	0.06928765526286185
2206	25	0.08912327242881446
2206	26	0.09228304717336755
2206	27	0.17279216270263476
2206	28	-0.04651483354824393
2207	1	-0.05564265378954758
2207	2	0.05015869347519697
2207	3	0.02914230294955189
2207	4	-0.0020027118222287754
2207	5	0.035298754401040355
2207	6	0.00248264285076516
2207	7	-0.06210435788300828
2207	8	-0.08158293626368618
2207	9	-0.07479763601944711
2207	10	-0.11112142592617147
2207	11	-0.2697346834120111
2207	12	-0.019770790901432633
2207	13	0.05853357736483389
2207	14	0.01604013606657162
2207	15	0.026056118076816404
2207	16	-0.00955317460553573
2207	17	0.00840371625039893
2207	18	-0.0017432144224116541
2207	19	-0.01912384835696912
2207	20	-0.06444891718129497
2207	21	-0.05332930223175936
2207	22	-0.026271736833756165
2207	23	-0.3019239136938552
2207	24	-0.18008467739121414
2207	25	-0.24815208992045967
2207	26	-0.08512700659969141
2207	27	0.019714392732296915
2207	28	0.08239620530896019
2208	1	-0.36848766172002456
2208	2	-0.2024938528140936
2208	3	-0.9004705222958407
2208	4	-0.341371086597718
2208	5	-0.3437770135604836
2208	6	-0.28134707510150037
2208	7	-0.27087548762392544
2208	8	-0.1641424969562948
2208	9	-0.13453341175990374
2208	10	-0.1156738812047351
2208	11	-0.10627027359092978
2208	12	-0.11101841263896262
2208	13	-0.17988799307164527
2208	14	-0.16987329544815566
2208	15	-0.08291572121924418
2208	16	-0.265247414657253
2208	17	-0.21564916821750302
2208	18	-0.26118192509539995
2208	19	-0.12874215362851515
2208	20	-0.16003949607902257
2208	21	-0.08690681144226886
2208	22	-0.20088751861865717
2208	23	-0.1427806608609572
2208	24	-0.20893292015126264
2208	25	-0.26240993060373086
2208	26	-0.2656465805675765
2208	27	-0.17435766769365557
2208	28	0.05191858055342635
2301	1	0.47182918759949644
2301	2	0.49338287668905423
2301	3	0.4210994287909955
2301	4	0.21570421373215254
2301	5	0.26696690094623676
2301	6	0.2751010111162415
2301	7	0.2779433750391149
2301	8	0.2964953132852912
2301	9	0.340246568402506
2301	10	0.3666475023152316
2301	11	0.38667752198238503
2301	12	0.37787907662720954
2301	13	0.41267547802969773
2301	14	0.5333569248331074
2301	15	0.5734206421815244
2301	16	0.5530018784888213
2301	17	0.5457758448041403
2301	18	0.5480545488603141
2301	19	0.4790874802932237
2301	20	0.4782497129881733
2301	21	0.5226202360699901
2301	22	0.5611354535015494
2301	23	0.56498426506014
2301	24	0.5902190657708672
2301	25	0.660760930614849
2301	26	0.5792356336803692
2301	27	0.7197248315026101
2301	28	0.4835055686668568
2302	1	0.3757171374397572
2302	2	0.42790418155193777
2302	3	0.37466766738889845
2302	4	0.1929533275218418
2302	5	0.24200332610774922
2302	6	0.25204490524971845
2302	7	0.22702962802119941
2302	8	0.25728228142926923
2302	9	0.24211042797161042
2302	10	0.3045433617070685
2302	11	0.28537989219343984
2302	12	0.26849872330949154
2302	13	0.288781937753285
2302	14	0.2826242668607719
2302	15	0.2705310460632191
2302	16	0.38627537199668893
2302	17	0.3679392504984662
2302	18	0.3045622895175484
2302	19	0.2524188046285616
2302	20	0.3160580220975362
2302	21	0.22326005552169192
2302	22	0.24707276695877312
2302	23	0.12711753342529164
2302	24	0.24502224485085833
2302	25	0.2599348629215186
2302	26	0.21113713891242725
2302	27	0.23157798733199542
2302	28	-0.11986182955730129
2303	1	0.38740863417147864
2303	2	0.4445408030228606
2303	3	0.36588757941459704
2303	4	0.20979027599054945
2303	5	0.24669925608594667
2303	6	0.23776603773623606
2303	7	0.23655375466794482
2303	8	0.23748929575693012
2303	9	0.24745990647395644
2303	10	0.2899555636021489
2303	11	0.25489419287416837
2303	12	0.3084398723401307
2303	13	0.3613225866370158
2303	14	0.476369609392961
2303	15	0.5427276473950755
2303	16	0.462244626311616
2303	17	0.44435031872310304
2303	18	0.4710278139232571
2303	19	0.4650670246042239
2303	20	0.4367849308542944
2303	21	0.4065611981359538
2303	22	0.41218985402084485
2303	23	0.47013841427808956
2303	24	0.41718853786850474
2303	25	0.4396975088409505
2303	26	0.27392433855517595
2303	27	0.3989378436566682
2303	28	0.3199751506191717
2304	1	0.3341248918398634
2304	2	0.31810798540556817
2304	3	0.2692462997126057
2304	4	0.16105293977778246
2304	5	0.19266685571189868
2304	6	0.19101273172170607
2304	7	0.20067689005038858
2304	8	0.21646770328692355
2304	9	0.23886257929128618
2304	10	0.241976624730043
2304	11	0.25511362664752824
2304	12	0.29172888768663796
2304	13	0.3034358764110223
2304	14	0.08846043259843839
2304	15	0.25848932216981524
2304	16	0.3098254800774498
2304	17	0.36191830588673213
2304	18	0.32275442752585093
2304	19	0.3546455540945317
2304	20	0.3472875157283397
2304	21	0.3351736159550427
2304	22	0.28805813861615803
2304	23	0.37324249554584554
2304	24	0.3851175810541676
2304	25	0.3036732898204164
2304	26	0.3660807068788756
2304	27	0.3516077313281656
2304	28	0.3765727453343146
2305	1	0.22396818931038354
2305	2	0.2598303367143586
2305	3	0.21857626700659694
2305	4	0.11406849990949297
2305	5	0.1451825204587891
2305	6	0.17579573781141278
2305	7	0.17680904655470187
2305	8	0.15838678619720525
2305	9	0.10840023525049958
2305	10	0.11372634116784042
2305	11	0.14816194784917514
2305	12	0.14736836174757428
2305	13	-0.23787676881136832
2305	14	-0.058539424243946314
2305	15	0.11237638182249299
2305	16	0.12131679701739984
2305	17	0.14965949894028796
2305	18	-0.3622690412107801
2305	19	-0.06910199768803693
2305	20	0.11666021315409836
2305	21	0.035481825643906006
2305	22	0.05031727455524759
2305	23	0.22695022478328042
2305	24	0.264937051085802
2305	25	0.09797107633313829
2305	26	0.10707914173275412
2305	27	0.08791446467556341
2305	28	0.016291061510955274
2306	1	0.07401138583542632
2306	2	-0.03746237383864326
2306	3	0.0420980126413113
2306	4	0.040306119087290426
2306	5	0.0742541246429127
2306	6	0.06314855039405387
2306	7	0.09712285136624388
2306	8	0.04720022191042972
2306	9	0.07827528055297961
2306	10	-0.19233004138364862
2306	11	-0.03726412251370448
2306	12	0.06808791647875978
2306	13	0.05380420913445505
2306	14	0.005030464456659445
2306	15	-0.40631396472031867
2306	16	-0.1390092249931456
2306	17	-0.051679201530859586
2306	18	-0.23291248570588863
2306	19	-0.20764581263980375
2306	20	-0.455397707936811
2306	21	-0.2634440993544942
2306	22	-0.08090145235878765
2306	23	0.008685799522034188
2306	24	0.021964431065292445
2306	25	0.07137684938492583
2306	26	0.030022681169697307
2306	27	0.08597368003530903
2306	28	0.009992015766826512
2307	1	-0.11164288799152189
2307	2	-0.02474593281696258
2307	3	-0.017411023422980065
2307	4	-0.013359837378089878
2307	5	0.011321389839025642
2307	6	-0.060843713963862456
2307	7	-0.37392004874481444
2307	8	-0.2715431857806436
2307	9	-0.18800703582059697
2307	10	-0.4432308147132602
2307	11	-0.3537381012891885
2307	12	-0.5309568677926251
2307	13	-0.6845867563978771
2307	14	-0.40375014499978334
2307	15	-0.6157767189330201
2307	16	-0.3508809415243377
2307	17	-0.244041486717407
2307	18	-0.13282412377247965
2307	19	-0.04505944123985728
2307	20	-0.08969555190620326
2307	21	0.03105085382304651
2307	22	-0.04183492293141455
2307	23	-0.7099984416088105
2307	24	-0.2963962595768237
2307	25	-0.1327389838956421
2307	26	-0.10274947943364054
2307	27	-0.022057994172833162
2307	28	-0.011791876168558701
2308	1	-0.7473094450109272
2308	2	-0.43464574964150415
2308	3	-0.48540128442453323
2308	4	-0.31394697974489816
2308	5	-0.543178556635894
2308	6	-0.5946600899134751
2308	7	-0.40386504156812464
2308	8	-0.6027562453999806
2308	9	-0.731833545735249
2308	10	-0.3940350442919325
2308	11	-0.2896672676959753
2308	12	-0.18510724022950598
2308	13	-0.14901079505651182
2308	14	-0.2020024937727669
2308	15	-0.2558815601134583
2308	16	-0.2575815653047542
2308	17	-0.2698926553514127
2308	18	-0.26743107689141965
2308	19	-0.21667441968293844
2308	20	-0.16251633497974893
2308	21	-0.2172796442408469
2308	22	-0.12957391363298143
2308	23	-0.19726531084059928
2308	24	-0.240001968681959
2308	25	-0.1990111638577261
2308	26	-0.4795648114669433
2308	27	-0.4376313227134503
2308	28	-0.27257034017268467
>>END_MODULE
>>Per sequence quality scores	pass
#Quality	Count
2	6.0
3	0.0
4	0.0
5	2.0
6	1.0
7	0.0
8	3.0
9	4.0
10	3.0
11	3.0
12	9.0
13	13.0
14	7.0
15	10.0
16	16.0
17	29.0
18	53.0
19	73.0
20	99.0
21	126.0
22	199.0
23	380.0
24	724.0
25	1616.0
26	3306.0
27	6382.0
28	12117.0
29	20947.0
30	34685.0
31	53831.0
32	79425.0
33	114777.0
34	170792.0
35	263946.0
36	449147.0
37	1267594.0
38	3691975.0
39	196846.0
>>END_MODULE
>>Per base sequence content	fail
#Base	G	A	T	C
1	9.797435951381866	27.771808025754158	42.110433643694144	20.320322379169827
2	21.149581251558434	34.33958760077875	21.096726074272837	23.41410507338998
3	17.056493916138834	32.26242576320279	19.055192014753626	31.62588830590475
4	29.37470863486534	23.401960862822353	18.10000648481243	29.123324017499886
5	30.428632033242764	24.574267884579818	22.029107198987116	22.967992883190306
6	32.07609232896827	21.87482532722295	20.45853919861229	25.59054314519649
7	23.092938990564825	31.665108634658402	13.091032926549337	32.15091944822744
8	19.624055121163998	29.852597174415425	25.867501694980188	24.65584600944039
9	21.02956974137506	21.360618833356938	31.547165035940456	26.062646389327547
10	24.3680047632222	26.679461336346357	26.590778982156444	22.361754918275004
11	32.83422831004918	27.639103184186947	20.365023636900037	19.16164486886384
12	25.072388040720057	15.698650965137242	32.57761715620901	26.651343837933688
13	20.530381938175072	23.227478220785017	25.337776838527486	30.904363002512426
14	22.750090122000696	20.246739593264024	21.626579647123695	35.376590637611585
15	29.828080562135018	23.452233627553834	14.794448109683778	31.925237700627367
16	23.790332330268456	28.731638433158857	18.127124107376407	29.350905129196285
17	31.56310317263803	15.459998206919312	29.380804647313436	23.596093973129225
18	25.297564278048146	23.67545109817707	22.064973853566542	28.962010770208245
19	31.23149736126298	21.8800843385437	23.163782344095594	23.72463595609772
20	43.420774996108214	14.646454427696801	27.59313757268969	14.339633003505291
21	37.19479246090486	16.15451705126417	24.037197094764156	22.613493393066815
22	25.610676590100223	15.501705123113533	45.55237607829581	13.335242208490437
23	27.392675076247762	23.5147375645491	29.697174336708663	19.395413022494466
24	20.646730424888084	25.550496585592946	35.30903578459782	18.493737204921157
25	19.40819856583875	24.19009132989156	23.018791878684063	33.38291822558563
26	15.325292342795382	19.532551751054537	35.14293148395555	29.999224422194537
27	10.497329556911795	17.98826004029252	39.132767363430006	32.381643039365684
28	13.86033496934171	20.93625865427439	34.12359585944424	31.07981051693966
>>END_MODULE
>>Per sequence GC content	warn
#GC Content	Count
0	22.0
1	22.0
2	29.0
3	38.0
4	40.0
5	42.5
6	49.5
7	57.0
8	64.5
9	72.5
10	76.5
11	86.5
12	104.0
13	160.0
14	251.0
15	359.0
16	577.0
17	1094.5
18	1823.5
19	2533.0
20	5109.5
21	8274.0
22	9486.5
23	9871.5
24	10678.5
25	13823.5
26	19461.0
27	24883.5
28	33853.5
29	44396.0
30	89486.0
31	154110.5
32	195031.0
33	229691.0
34	309001.0
35	462151.0
36	567216.5
37	659075.0
38	740745.0
39	847186.5
40	945467.0
41	942445.5
42	953629.0
43	856094.5
44	712781.5
45	669880.5
46	677437.5
47	703495.5
48	864513.5
49	1014159.0
50	1118581.5
51	1223004.0
52	1131093.5
53	1071017.5
54	941652.5
55	841985.5
56	876178.5
57	742424.5
58	622543.5
59	603820.0
60	540064.0
61	446638.0
62	433795.5
63	434766.5
64	392507.5
65	369808.5
66	350444.5
67	324345.5
68	302899.5
69	382814.5
70	477092.5
71	469046.0
72	459048.0
73	448231.0
74	427381.0
75	279397.5
76	134872.0
77	126464.0
78	125833.5
79	102817.5
80	72978.5
81	61948.5
82	54534.5
83	47220.5
84	41890.0
85	36152.5
86	27556.5
87	22984.0
88	21058.0
89	20253.5
90	21157.5
91	20305.0
92	19322.0
93	21592.5
94	21623.0
95	19905.0
96	19828.0
97	17434.0
98	9979.5
99	4919.0
100	4919.0
>>END_MODULE
>>Per base N content	pass
#Base	N-Count
1	0.0
2	0.07198767307265369
3	0.0
4	0.006578589971088745
5	0.0
6	0.001475865053179814
7	0.0
8	0.0053382352987354975
9	0.0
10	0.005463840835176333
11	0.001240354672353248
12	0.0
13	0.0
14	3.140138411020881E-5
15	0.0
16	0.0
17	0.003438451560067865
18	0.0
19	0.0017222586235402903
20	2.064607770977189E-5
21	0.0
22	2.2926828771234063E-4
23	0.0
24	0.0
25	0.0
26	5.003702740027621E-4
27	9.249803904157231E-4
28	0.0
>>END_MODULE
>>Sequence Length Distribution	warn
#Length	Count
17	413458.0
18	729992.0
19	382161.0
20	413189.0
21	504814.0
22	1200862.0
23	838691.0
24	754586.0
25	331985.0
26	258856.0
27	318263.0
28	222289.0
>>END_MODULE
>>Sequence Duplication Levels	fail
#Total Deduplicated Percentage	6.954988003957285
#Duplication Level	Percentage of deduplicated	Percentage of total
1	67.34832175751423	4.68406769910167
2	16.56741920648061	2.304524036752084
3	4.617087256637685	0.9633535944941747
4	2.064126258120935	0.5742389345553738
5	1.2832902624640172	0.4462634190516219
6	0.9102933247987013	0.3798647492434417
7	0.6827259948216192	0.3323845772781916
8	0.5369832379406017	0.29877695825624206
9	0.4521101222677265	0.282997842915573
>10	3.9333934840345792	5.713181324741629
>50	0.6769217839450009	3.3204304135247726
>100	0.682274011366471	9.997754149046067
>500	0.1082793649429777	5.314965149145968
>1k	0.10486001657635735	14.965778277448294
>5k	0.0157290024864536	7.386954459325744
>10k+	0.01618491560200298	43.03446441511915
>>END_MODULE
>>Overrepresented sequences	fail
#Sequence	Count	Percentage	Possible Source
ATCCCGGACGAGCCCCCA	244982	3.846386941043587	No Hit
TTAATGCTAATCGTGATAGGGGTT	126321	1.9833271210928434	No Hit
TATTGCACTTGTCCCGGCCTGTAA	124822	1.959791783702242	No Hit
TGAGAACTGAATTCCATGGGTT	120953	1.8990458061410431	No Hit
CAACGGAATCCCAAAAGCAGCTG	117628	1.846841005057821	No Hit
TATTGCACTTGTCCCGGCCTGT	112038	1.7590741364697873	No Hit
AACATTCAACGCTGTCGGTGAG	100105	1.5717177781762266	No Hit
TTAATGCTAATCGTGATAGGGGT	84798	1.3313872848887434	No Hit
TCAGTGCACTACAGAACTTTGT	84156	1.3213074405893663	No Hit
TGAGAACTGAATTCCATAGGCTGT	72615	1.1401057535814063	No Hit
TGAGGTAGTAGGTTGTATAGTT	70327	1.1041825701593275	No Hit
CCCCCCACTGCTAAATTTGACTGGCTT	67616	1.0616179939979395	No Hit
TCGTACGACTCTTAGCGG	64400	1.0111245683487238	No Hit
TGAGGTAGTAGATTGTATAGTT	60905	0.9562506496161338	No Hit
TAACCTGATCAGCCCCGGAGTT	58545	0.9191970163660874	No Hit
TCAGTGCACTACAGAACTTTGTC	55036	0.864103287944726	No Hit
AACATTCAACGCTGTCGGTGAGT	48237	0.7573542826620712	No Hit
CCCATAAAGTAGAAAGCACT	47911	0.7522358570521072	No Hit
ACCGGGTGCTGTAGGCTT	46676	0.7328455023640532	No Hit
TAACCTGATCAGCCCCGGAGT	40662	0.6384215403446554	No Hit
TATTGCACTTGTCCCGGCCTGTA	39265	0.6164876735436744	No Hit
TATTGCACTTGTCCCGGCCTG	38351	0.602137241005309	No Hit
ACCGGGTGCTGTAGGCTTT	38216	0.60001764757787	No Hit
TCCACCACGTTCCCGTGG	35174	0.5522561423462423	No Hit
TAGCTTATCAGACTGATGTTGA	33153	0.5205250437028763	No Hit
TAGCAGCACGTAAATATTGGCG	30499	0.4788554069886293	No Hit
GTTTGTGATGACTTACA	30006	0.47111496580546275	No Hit
CCACCACGTTCCCGTGG	29352	0.46084671320142445	No Hit
ACCGGGTGCTGTAGGCTTA	27456	0.43107820106494654	No Hit
CCCCCCACTGCTAAATTTGACTG	27435	0.4307484865317893	No Hit
TATTGCACTTGTCCCGGCCTGTAT	25693	0.40339788097179746	No Hit
ACCGGGTGCTGTAGGCT	23807	0.37378637575587054	No Hit
CGCGACCTCAGATCAGACGT	23718	0.37238901416296627	No Hit
TATTGCACTTGTCCCGGCCTGTAAA	23542	0.3696256923612679	No Hit
CCTGTCTGAGCGTCGCT	22371	0.35124018196474066	No Hit
TAGCTTATCAGACTGATGTTGACT	21456	0.33687404873432014	No Hit
TTAATGCTAATCGTGATAGGGGTTT	21208	0.3329802771046542	No Hit
TTAATGCTAATCGTGATAGGGGTTA	21070	0.3308135816010498	No Hit
CCCCCACTGCTAAATTTGACTGGCTT	20917	0.3284113757166188	No Hit
TGAGAACTGAATTCCATGGGTTG	20477	0.3215030712123729	No Hit
CAACACCAGTCGATGGGCTGT	19953	0.3132759085754982	No Hit
ATCCCGGACGAGCCCCC	17146	0.2692040659768201	No Hit
TGAGAACTGAATTCCATAGGCTG	17101	0.2684975348343404	No Hit
TTCAAGTAATCCAGGATAGGCT	16447	0.25822928223030217	No Hit
TATTGCACTTGTCCCGGCCTGA	16297	0.25587417842203647	No Hit
TAGCTTATCAGACTGATGTTGAC	15688	0.24631245696047788	No Hit
TGAGAACTGAATTCCATGGGT	15504	0.24342352962233868	No Hit
TGAGAACTGAATTCCATGGGTTA	15497	0.24331362477795299	No Hit
CGCCTGTCTGAGCGTCGCT	15151	0.23788118532688685	No Hit
TGAGGTAGTAGTTTGTACAGTT	14022	0.22015510399667396	No Hit
TACCCTGTAGATCCGAATTTGT	13988	0.2196212804668004	No Hit
TGTAAACATCCCCGACTGGAAGCT	13905	0.21831812302622675	No Hit
TTCACAGTGGCTAAGTTCTG	12908	0.20266453304728765	No Hit
GGCCAAGGATGAGAACTCTAATCTGATT	12714	0.19961859878859742	No Hit
AACGAGACTCTGGCATGCTAACT	12595	0.19775021643403998	No Hit
CATTGCACTTGTCTCGGTCTGA	12372	0.1942489621057517	No Hit
TCCCGGACGAGCCCCCA	12358	0.19402915241698024	No Hit
AGGGGAATCCGACTGTT	12298	0.19308711089367397	No Hit
TATTGCACTTGTCCCGGCCTGTT	12128	0.19041799324430622	No Hit
GAGAAAGCTCACAAGAACTG	11989	0.1882355970486467	No Hit
TTAATGCTAATCGTGATAGGGG	11837	0.18584909185627085	No Hit
TAACCTGATCAGCCCCGGAG	11795	0.18518966278995647	No Hit
CAACGGAATCCCAAAAGCAGCTGT	11660	0.18307006936251735	No Hit
TGAGAACTGAATTCCATGGGTTT	11521	0.18088767316685783	No Hit
GGGAATACCGGGTGCTGTAGGCTTT	11265	0.1768682960007511	No Hit
AACGAGAACTTTGAAGGCCGAAGT	11145	0.1749842129541386	No Hit
ATTCCACCACGTTCCCGTGG	11075	0.17388516451028127	No Hit
AGGGAAACATGACCACCTGAAGTCT	11045	0.17341414374862815	No Hit
TGAGGTAGTAGGTTGTATAGT	10546	0.16557949841313105	No Hit
TGAGGTAGTAGATTGTATAGT	10390	0.16313019045253477	No Hit
AACGAGACTCTGGCATGCT	10124	0.158953806365877	No Hit
AACGAACGAGACTCTGGCA	9964	0.15644169563706029	No Hit
AACGAGACTCTGGCATGCTAACTAGTT	9843	0.15454191189839267	No Hit
TGAGGTAGTAGTTTGTGCTGTT	9627	0.15115056241449012	No Hit
TATTTTCTGCATTCGCCCTTG	9236	0.14501159182094428	No Hit
CCCCCCACTGCTAAATTTGACTGGCTTT	8884	0.13948494821754753	No Hit
ACGAACGAGACTCTGGCA	8788	0.13797768178025752	No Hit
TGTAAACATCCTTGACTGGAAGCT	8750	0.13738105548216356	No Hit
CGCGACCTCAGATCAGACG	8727	0.13701993956489614	No Hit
CCCCCACTGCTAAATTTGACTG	8575	0.13463343437252026	No Hit
ACCACCCTGAACGCGCCCGA	8553	0.13428801914730795	No Hit
TGAGGTAGTAAGTTGTATTGTT	8482	0.13317327001139556	No Hit
CCCCCCACTGCTAAATTTGACTGGCTA	8383	0.13161890149794023	No Hit
GGGAATACCGGGTGCTGTAGGCTT	8364	0.13132058834889324	No Hit
CAAAGAATTCTCCTTTTGGGCT	8013	0.1258096454375516	No Hit
GAGAAAGCTCACAAGAACTGCTAACT	7956	0.12491470599041063	No Hit
TACCCTGTAGATCCGAATTTGTG	7802	0.12249679941392458	No Hit
GCCCAGTGCTCTGAATGTC	7656	0.12020449837387934	No Hit
GGAATACCGGGTGCTGTAGGCTTT	7546	0.11847742224781785	No Hit
CGCGACCTCAGATCAGACGTGGCGACC	7459	0.11711146203902374	No Hit
TATTGCACTTGTCCCGGCCTGTAG	7436	0.11675034612175636	No Hit
AAGCGTTGGATTGTTCACCC	7414	0.11640493089654406	No Hit
AAACATATAACTGAACTCCTCACACCC	7382	0.11590250875078072	No Hit
AACGAGAACTTTGAAGGCCGAAG	7309	0.1147563582307581	No Hit
TATTGCACTTGTCCCGGCCTGTAAT	7290	0.11445804508171112	No Hit
GCCTGTCTGAGCGTCGCT	7266	0.11408122847238861	No Hit
AACGAACGAGACTCTGGCATG	6941	0.10897850355447967	No Hit
TTAATGCTAATCGTGATAGGGGTA	6901	0.1083504758722755	No Hit
ACCGGGCGGAAACACCA	6884	0.10808356410733871	No Hit
AAACGAGAACTTTGAAGGCCGAAGT	6878	0.1079893599550081	No Hit
AATTCCACCACGTTCCCGTGG	6866	0.10780095165034685	No Hit
TCCCTGTTCGGGCGCCA	6860	0.1077067474980162	No Hit
TGCCCAGTGCTCTGAATGTC	6826	0.10717292396814267	No Hit
AACGAGACTCTGGCATGCTAAC	6800	0.10676470597470995	No Hit
GATAACGAACGAGACTCTGGCA	6595	0.10354606410341355	No Hit
TATTGCACTTGTCCCGGCC	6558	0.10296513849737468	No Hit
CCCATAAAGTAGAAAGCACTA	6508	0.10218010389461947	No Hit
TCAGTGCACTACAGAACTTTG	6437	0.10106535475870705	No Hit
CGCGACCTCAGATCAGA	6430	0.10095544991432133	No Hit
TTCCACCACGTTCCCGTGG	6420	0.10079844299377028	No Hit
CACCCTGAACGCGCCCGA	6419	0.10078274230171516	No Hit
>>END_MODULE
>>Adapter Content	pass
#Position	Illumina Universal Adapter	Illumina Small RNA 3' Adapter	Illumina Small RNA 5' Adapter	Nextera Transposase Sequence	SOLID Small RNA Adapter
1	0.0	0.0	0.0	0.0	0.0
2	0.0	0.0	0.0	0.0	0.0
3	0.0	0.0	0.0	0.0	0.0
4	0.0	0.0	0.0	0.0	0.0
5	3.140138411020881E-5	0.0	0.0	0.0	0.0
6	3.140138411020881E-5	0.0	0.0	0.0	0.0
7	3.140138411020881E-5	0.0	0.0	0.0	0.0
8	3.140138411020881E-5	0.0	0.0	0.0	0.0
9	3.140138411020881E-5	0.0	0.0	0.0	0.0
10	3.140138411020881E-5	0.0	0.0	0.0	0.0
11	3.140138411020881E-5	0.0	0.0	0.0	0.0
12	3.140138411020881E-5	0.0	0.0	0.0	0.0
13	3.140138411020881E-5	0.0	0.0	0.0	0.0
14	3.140138411020881E-5	0.0	0.0	0.0	0.0
15	3.140138411020881E-5	0.0	0.0	0.0	0.0
16	3.140138411020881E-5	0.0	0.0	0.0	0.0
17	4.7102076165313217E-5	0.0	0.0	0.0	0.0
>>END_MODULE
