##FastQC	0.11.7
>>Basic Statistics	pass
#Measure	Value
Filename	ERR187490
File type	Conventional base calls
Encoding	Sanger / Illumina 1.9
Total Sequences	2653991
Sequences flagged as poor quality	0
Sequence length	17-28
%GC	51
>>END_MODULE
>>Per base sequence quality	pass
#Base	Mean	Median	Lower Quartile	Upper Quartile	10th Percentile	90th Percentile
1	32.85842152441361	34.0	31.0	34.0	31.0	34.0
2	33.09777048980196	34.0	33.0	34.0	31.0	34.0
3	33.13950084985217	34.0	33.0	34.0	31.0	34.0
4	36.466640994637885	37.0	37.0	37.0	35.0	37.0
5	36.419999917105976	37.0	37.0	37.0	35.0	37.0
6	36.39886834582333	37.0	37.0	37.0	35.0	37.0
7	36.3718396181449	37.0	37.0	37.0	35.0	37.0
8	36.40682052049159	37.0	37.0	37.0	35.0	37.0
9	38.300477657987535	39.0	39.0	39.0	37.0	39.0
10	38.23076001388098	39.0	39.0	39.0	37.0	39.0
11	38.25399031119548	39.0	39.0	39.0	37.0	39.0
12	38.21077953919211	39.0	39.0	39.0	37.0	39.0
13	38.23364660995459	39.0	39.0	39.0	37.0	39.0
14	39.83032949245118	41.0	40.0	41.0	38.0	41.0
15	39.79298045848686	41.0	40.0	41.0	38.0	41.0
16	39.77664543700412	41.0	40.0	41.0	38.0	41.0
17	39.745077507798634	41.0	40.0	41.0	37.0	41.0
18	39.76836210701484	41.0	40.0	41.0	38.0	41.0
19	39.768318311628	41.0	40.0	41.0	38.0	41.0
20	39.71588469442726	41.0	40.0	41.0	37.0	41.0
21	39.671490624689326	41.0	40.0	41.0	37.0	41.0
22	39.681170217639156	41.0	40.0	41.0	37.0	41.0
23	39.497168246172485	41.0	40.0	41.0	37.0	41.0
24	39.60853166057577	41.0	40.0	41.0	37.0	41.0
25	39.59733010022539	41.0	40.0	41.0	37.0	41.0
26	39.60684676069806	41.0	40.0	41.0	37.0	41.0
27	39.600121599375946	41.0	40.0	41.0	37.0	41.0
28	39.54907979303174	41.0	40.0	41.0	37.0	41.0
>>END_MODULE
>>Per tile sequence quality	pass
#Tile	Base	Mean
1101	1	-0.24382187239419295
1101	2	-0.1606378225695977
1101	3	-0.25131422700137307
1101	4	-0.11042822714581035
1101	5	-0.2772750852509205
1101	6	-0.367635240379947
1101	7	-0.3181171512318315
1101	8	-0.22093027997446768
1101	9	-0.33976088772528357
1101	10	-0.1750137597619883
1101	11	-0.1802950018866909
1101	12	-0.09357120635497296
1101	13	-0.13928653664134316
1101	14	-0.31959835644755685
1101	15	-0.28800993595465485
1101	16	-0.305735008116514
1101	17	-0.23171578668500814
1101	18	-0.4629554409455494
1101	19	-0.365689704966897
1101	20	-0.37077679312896095
1101	21	-0.5336246206238542
1101	22	-0.6198047967453704
1101	23	-0.5172268739298786
1101	24	-0.5329750453289179
1101	25	-0.378453796222324
1101	26	-0.3253198120666383
1101	27	-0.36975208851789176
1101	28	-0.4785544757757094
1102	1	-0.27909360525021754
1102	2	-0.18988698908864876
1102	3	-0.18505868257945934
1102	4	-0.16427069990730558
1102	5	-0.19439222380484722
1102	6	-0.17329727057474287
1102	7	-0.2525568572684094
1102	8	-0.18067643291899316
1102	9	-0.24650179434456732
1102	10	-0.12866314166855375
1102	11	-0.18757261471617426
1102	12	-0.031028012080547285
1102	13	-0.18448636496585635
1102	14	-0.2892680221474464
1102	15	-0.2542138367248157
1102	16	-0.18731399954948103
1102	17	-0.23203728163652926
1102	18	-0.21160106896727626
1102	19	-0.2841746526908935
1102	20	-0.2554453174696434
1102	21	-0.26452072546481986
1102	22	-0.2603462293782002
1102	23	-0.30796437345769334
1102	24	-0.2667883366184398
1102	25	-0.31420437181995453
1102	26	-0.38820795172750877
1102	27	-0.4051123132820962
1102	28	-0.8635775172503628
1103	1	-0.3031154638760256
1103	2	-0.2727934280122426
1103	3	-0.243659553045525
1103	4	-0.1181796552802723
1103	5	-0.1987973034494246
1103	6	-0.1961308119546672
1103	7	-0.22577848149481383
1103	8	-0.20846396762408403
1103	9	-0.3432110735868079
1103	10	-0.24021545775423903
1103	11	-0.22458567330997425
1103	12	-0.16325537250590827
1103	13	-0.20939789507476547
1103	14	-0.30586956451183056
1103	15	-0.23910858321871586
1103	16	-0.26957557054277004
1103	17	-0.3149419719633144
1103	18	-0.3074876115922365
1103	19	-0.4911044512086633
1103	20	-0.4229190958943647
1103	21	-0.34663692937046875
1103	22	-0.32987265075185235
1103	23	-0.3719397747501674
1103	24	-0.4650912476422562
1103	25	-0.48604660866835303
1103	26	-0.5232890515782387
1103	27	-0.6459962822803362
1103	28	-0.511366975775708
1104	1	-0.32164848107628785
1104	2	-0.2688981183577397
1104	3	-0.18809410650334257
1104	4	-0.12272025111177243
1104	5	-0.1692231831193709
1104	6	-0.13531348168783097
1104	7	-0.22597694698656312
1104	8	-0.18171900193807033
1104	9	-0.20416162719562436
1104	10	-0.2231398873428958
1104	11	-0.2582159932669583
1104	12	-0.18843263919013253
1104	13	-0.20164398814144135
1104	14	-0.406669318872666
1104	15	-0.3760354443405163
1104	16	-0.29664461788999574
1104	17	-0.25872329832275653
1104	18	-0.37007704920968365
1104	19	-0.38747177826738266
1104	20	-0.37058618316009984
1104	21	-0.3685572138276285
1104	22	-0.4125654127500695
1104	23	-0.5286020883860303
1104	24	-0.5562804909800789
1104	25	-0.5188805980442268
1104	26	-0.625895537970429
1104	27	-0.7686096044310631
1104	28	-0.4660103061643994
1105	1	-0.2714990079608981
1105	2	-0.33151037471401423
1105	3	-0.29256871689121766
1105	4	-0.18125886659563406
1105	5	-0.18050859218223536
1105	6	-0.19633491263839886
1105	7	-0.23349245733663082
1105	8	-0.25345041832869697
1105	9	-0.29546346363231635
1105	10	-0.22250029840845542
1105	11	-0.21072597687999206
1105	12	-0.14182820072488056
1105	13	-0.19716875410714607
1105	14	-0.273898157407622
1105	15	-0.3299890376682413
1105	16	-0.32056194134710836
1105	17	-0.31056390729679606
1105	18	-0.3392714935079155
1105	19	-0.4834395247236145
1105	20	-0.3854753312909409
1105	21	-0.5042432814292397
1105	22	-0.31713302228725837
1105	23	-0.4939360082718238
1105	24	-0.4249427409616473
1105	25	-0.4384548314690804
1105	26	-0.32069993320087065
1105	27	-0.5020314034059083
1105	28	-0.16601375916332728
1106	1	-0.2799687648963882
1106	2	-0.28185166592722766
1106	3	-0.2549135458659677
1106	4	-0.2187373074565926
1106	5	-0.20326855544394817
1106	6	-0.16566972885581066
1106	7	-0.2824033198660274
1106	8	-0.20849789038003053
1106	9	-0.2750790932901097
1106	10	-0.21222698580154997
1106	11	-0.27800039309637725
1106	12	-0.2784860175046546
1106	13	-0.286255265101687
1106	14	-0.3836681509286066
1106	15	-0.31036925886518674
1106	16	-0.35152488847985097
1106	17	-0.3722780675084181
1106	18	-0.3794783030027489
1106	19	-0.4236785281721893
1106	20	-0.33521008936499896
1106	21	-0.41692173010589784
1106	22	-0.45610640897976396
1106	23	-0.4195894565370253
1106	24	-0.4004394375617366
1106	25	-0.46277258688439815
1106	26	-0.3333586893488558
1106	27	-0.3849451146698257
1106	28	-0.33443682871688196
1107	1	-0.4572127167237525
1107	2	-0.4845053869688911
1107	3	-0.4114452799335311
1107	4	-0.2826982082092613
1107	5	-0.2953444591425267
1107	6	-0.2893837149358376
1107	7	-0.33399679895192946
1107	8	-0.30973667631941026
1107	9	-0.3982162064904955
1107	10	-0.39884074584512774
1107	11	-0.38117720453780635
1107	12	-0.42656288028565825
1107	13	-0.40683891272718853
1107	14	-0.5083085671542236
1107	15	-0.5733311058124784
1107	16	-0.5965026897420529
1107	17	-0.6066158437952254
1107	18	-0.5888836544724825
1107	19	-0.5908790164878397
1107	20	-0.5753103292666992
1107	21	-0.6780746295286804
1107	22	-0.6551199792023112
1107	23	-0.5392573086673877
1107	24	-0.6254786334519906
1107	25	-0.4964336471531752
1107	26	-0.6388659842643989
1107	27	-0.7755832710052317
1107	28	-0.5680893594966392
1108	1	-0.892452160129146
1108	2	-0.9375295221279458
1108	3	-0.7583249235224372
1108	4	-0.5720880220191091
1108	5	-0.5134466404282421
1108	6	-0.5323572628881266
1108	7	-0.6250383432556603
1108	8	-0.5822349914325073
1108	9	-0.7251877948313492
1108	10	-0.9436519708458704
1108	11	-0.8431535701081927
1108	12	-0.9729250132306788
1108	13	-0.9325736993487794
1108	14	-1.1656418174837526
1108	15	-1.175391269131481
1108	16	-1.3628359427782257
1108	17	-1.3553288337995895
1108	18	-1.032315574491463
1108	19	-0.9135896650023909
1108	20	-0.8346759568351914
1108	21	-0.9497300494579832
1108	22	-0.8731685848342821
1108	23	-0.8625850625799174
1108	24	-1.223018541473209
1108	25	-1.171678963315351
1108	26	-1.1617438749513482
1108	27	-1.0615184362052972
1108	28	-1.2858314710808756
1201	1	0.287551417425675
1201	2	0.24620170128958563
1201	3	0.27134007172006136
1201	4	0.20090704252542935
1201	5	0.20610939179253762
1201	6	0.17226232403975672
1201	7	0.2160213180127073
1201	8	0.1923123224226515
1201	9	0.27755879436883646
1201	10	0.2558721404727322
1201	11	0.2752017645201832
1201	12	0.30577181778542695
1201	13	0.2920200811553002
1201	14	0.3466869690401282
1201	15	0.39407956525313637
1201	16	0.4072391966486535
1201	17	0.38953993813391463
1201	18	0.36038153671770345
1201	19	0.3432040668134775
1201	20	0.3137748610105717
1201	21	0.4289536525836226
1201	22	0.4104543393463729
1201	23	0.4587343825532031
1201	24	0.48957200023890124
1201	25	0.5121146594197867
1201	26	0.5211931375152403
1201	27	0.48394770006561316
1201	28	0.48448900248516225
1202	1	0.3042418703915857
1202	2	0.22780721153468875
1202	3	0.2222862598334885
1202	4	0.19073192163017438
1202	5	0.16745678355742655
1202	6	0.1645193563170011
1202	7	0.18561846047194308
1202	8	0.18101314348649566
1202	9	0.2610000658632856
1202	10	0.2185361482516015
1202	11	0.2617395386394108
1202	12	0.24079701654897434
1202	13	0.22005319749482055
1202	14	0.2830060847457503
1202	15	0.27246136029015133
1202	16	0.32676435162046147
1202	17	0.3599093379411187
1202	18	0.35539035708892897
1202	19	0.26947483739923683
1202	20	0.2785917781667351
1202	21	0.3601345437722472
1202	22	0.3323850758065561
1202	23	0.3918510749230393
1202	24	0.3507209328756389
1202	25	0.44693865203245053
1202	26	0.33065819310861855
1202	27	0.39996610922131737
1202	28	0.4623546151333855
1203	1	0.295719703538893
1203	2	0.22625484934999207
1203	3	0.2627156960640633
1203	4	0.1952887629690423
1203	5	0.18071458731941448
1203	6	0.18861572799264792
1203	7	0.19778979485199955
1203	8	0.19368461056773612
1203	9	0.24689754366605143
1203	10	0.2317682289302354
1203	11	0.2448326824421514
1203	12	0.24746948078813347
1203	13	0.21131195283825832
1203	14	0.3373270218163853
1203	15	0.3112998784840286
1203	16	0.34959505552141223
1203	17	0.31348038095402586
1203	18	0.32920522166320154
1203	19	0.38611942324068593
1203	20	0.3075332550116485
1203	21	0.3524816599163074
1203	22	0.35948385360659074
1203	23	0.39709451344428004
1203	24	0.42196092957558307
1203	25	0.376313240256259
1203	26	0.33612977848526526
1203	27	0.3054227366569293
1203	28	0.4793293416516775
1204	1	0.20911192675253432
1204	2	0.18030269869459659
1204	3	0.15007933697128095
1204	4	0.11889275896481877
1204	5	0.07662726899066996
1204	6	0.06823918506406557
1204	7	0.11030205081681288
1204	8	0.14514878493098138
1204	9	0.14011464806849716
1204	10	0.18344352928406238
1204	11	0.20402693452327725
1204	12	0.17492574518475834
1204	13	0.14227853135507473
1204	14	0.2266319561008956
1204	15	0.2586376330295721
1204	16	0.20769597264242634
1204	17	0.2530461633292518
1204	18	0.19296456366610926
1204	19	0.22984522810533292
1204	20	0.23456643094411334
1204	21	0.18235704268768416
1204	22	0.17078161391947333
1204	23	0.15760313796561576
1204	24	0.16822281168411735
1204	25	0.15809867255994448
1204	26	0.16272153922334098
1204	27	0.2426954639296568
1204	28	0.4402979832406828
1205	1	0.13892682839222203
1205	2	0.11708189889029086
1205	3	0.12904863041122638
1205	4	0.08529535533051558
1205	5	0.08756231907823775
1205	6	0.09323490988282401
1205	7	0.09088494205110464
1205	8	0.08899116494419701
1205	9	0.10129621473272721
1205	10	0.10189480099476356
1205	11	0.11274409985728084
1205	12	0.12940433728547163
1205	13	0.0963698090227183
1205	14	0.10354679845429615
1205	15	0.1189300186203468
1205	16	0.15750633579500573
1205	17	0.11708733077649214
1205	18	0.16920876606749857
1205	19	0.15169587233039294
1205	20	0.1733690915047461
1205	21	0.1442037927610187
1205	22	0.08117449202902094
1205	23	0.16821468464195988
1205	24	0.09901351916803947
1205	25	0.0807175551117183
1205	26	0.20617620804114978
1205	27	0.21219148514981612
1205	28	0.4217413822124598
1206	1	-0.01901317677449299
1206	2	-0.04303604565160413
1206	3	-0.06293057629012111
1206	4	-0.011538147337617488
1206	5	-0.05232186099251379
1206	6	-0.032282396302818483
1206	7	-0.03763271887086006
1206	8	-0.04081426493154083
1206	9	-0.023968146274690127
1206	10	-0.004140388510116111
1206	11	-0.0029209229299880235
1206	12	1.2583248850006612E-4
1206	13	-0.03410497954132552
1206	14	-0.012750798682787945
1206	15	-0.03180976939193414
1206	16	-0.03300218443024505
1206	17	-0.02713549859872444
1206	18	-0.06227063277495404
1206	19	0.03732152978345482
1206	20	0.0025786335215940426
1206	21	0.01682765866024738
1206	22	0.03021282774626144
1206	23	-0.0331409661344253
1206	24	0.024123533747683723
1206	25	-0.025795006232115725
1206	26	0.055179251897740755
1206	27	0.06227956825603087
1206	28	0.16260031537908048
1207	1	-0.08974958933497135
1207	2	-0.12789719600679206
1207	3	-0.1597784484715632
1207	4	-0.08322459483287759
1207	5	-0.07992217001726232
1207	6	-0.08680194928683704
1207	7	-0.06929533404563415
1207	8	-0.07772755605906667
1207	9	-0.11494167918858267
1207	10	-0.14363612861209418
1207	11	-0.1461215737915822
1207	12	-0.14080296865815
1207	13	-0.13315357613947043
1207	14	-0.1786410028378569
1207	15	-0.23396722770073097
1207	16	-0.20404964333463482
1207	17	-0.1701531753055292
1207	18	-0.185009918870918
1207	19	-0.18304142206235952
1207	20	-0.17740881893864469
1207	21	-0.29993729412916537
1207	22	-0.22332144593257652
1207	23	-0.20793654863763322
1207	24	-0.2866327983054333
1207	25	-0.24661636060524472
1207	26	-0.3373539418152802
1207	27	-0.26007407732625865
1207	28	-0.45660877441824255
1208	1	-0.718746724367648
1208	2	-0.6644840071414322
1208	3	-0.6283466370615827
1208	4	-0.29688429777732495
1208	5	-0.3653229359701555
1208	6	-0.32581372048342416
1208	7	-0.3600034520316413
1208	8	-0.4028582235656941
1208	9	-0.45259004842767325
1208	10	-0.5191909950844291
1208	11	-0.4467913644970736
1208	12	-0.4505505135043322
1208	13	-0.5476329605103487
1208	14	-0.846344953452963
1208	15	-0.7167880533722197
1208	16	-0.6707316782909345
1208	17	-0.8192018155793193
1208	18	-0.703370633235906
1208	19	-0.6465312596637247
1208	20	-0.6585578634964406
1208	21	-0.7064722173800178
1208	22	-0.6837068584868575
1208	23	-0.609993428200724
1208	24	-0.6308988355604015
1208	25	-0.6824340859516838
1208	26	-0.562740643937758
1208	27	-0.6314011371436905
1208	28	-0.7979093144853877
1301	1	0.23218310491908056
1301	2	0.1531353533827442
1301	3	0.15416558617842924
1301	4	0.11868653627436032
1301	5	0.13876937226962127
1301	6	0.15637696717365657
1301	7	0.1123848178300122
1301	8	0.09710312344792982
1301	9	0.14257963715993327
1301	10	0.225312662735611
1301	11	0.20062754654809112
1301	12	0.258297400492161
1301	13	0.2678963778221046
1301	14	0.29262521237243533
1301	15	0.3088491022506332
1301	16	0.3224883015808828
1301	17	0.2707304926113707
1301	18	0.2843704083487495
1301	19	0.19171982193425663
1301	20	0.13028712602639558
1301	21	0.22507160900473622
1301	22	0.23327493228813267
1301	23	0.19375780252636332
1301	24	0.2282610638624405
1301	25	0.27299439959374894
1301	26	0.2645642905372796
1301	27	0.21349654690465059
1301	28	0.1272058928878863
1302	1	0.24196114899800847
1302	2	0.1864014753438923
1302	3	0.19594298642807217
1302	4	0.10605621383098907
1302	5	0.1755392952446755
1302	6	0.13382604707327772
1302	7	0.08314164835258708
1302	8	0.1274766145767643
1302	9	0.14670577128112683
1302	10	0.22799093522458946
1302	11	0.2112692088646142
1302	12	0.17927934875908846
1302	13	0.09118386999768546
1302	14	0.22179056569826372
1302	15	0.24958603485816155
1302	16	0.21977822229619903
1302	17	0.2766856117669292
1302	18	0.31694862267158186
1302	19	0.23307143853150336
1302	20	0.226265879217749
1302	21	0.2688670722435944
1302	22	0.2883042578352857
1302	23	0.2419396979428683
1302	24	0.2662974055006444
1302	25	0.3220608115276775
1302	26	0.2711891295634672
1302	27	0.34620919445800524
1302	28	0.07683971509565879
1303	1	0.24315226817631697
1303	2	0.19469242569750378
1303	3	0.19287632856509163
1303	4	0.1188448477604993
1303	5	0.12119147247116757
1303	6	0.13970244637310003
1303	7	0.14594808170085116
1303	8	0.11765392044284084
1303	9	0.17823351377405316
1303	10	0.17664160881324165
1303	11	0.21923191098891692
1303	12	0.17125598411841025
1303	13	0.21594276697877035
1303	14	0.1953351240846004
1303	15	0.24563059492109574
1303	16	0.28162960205751375
1303	17	0.3204847411653162
1303	18	0.21200417822714002
1303	19	0.14761631558553034
1303	20	0.1682192353396701
1303	21	0.22250750644062833
1303	22	0.19542855406742632
1303	23	0.31916792455610477
1303	24	0.2983181172414575
1303	25	0.36825976460249876
1303	26	0.31295526720017364
1303	27	0.2149623121257065
1303	28	0.3110681657337224
1304	1	0.16370973235297015
1304	2	0.14046189363266848
1304	3	0.1412509174774712
1304	4	0.12037027646616139
1304	5	0.12978760824753266
1304	6	0.15338256147763474
1304	7	0.14550836476404072
1304	8	0.1435672690451426
1304	9	0.16205090278039336
1304	10	0.20528487284894936
1304	11	0.16573634486253752
1304	12	0.16169775649332507
1304	13	0.19934671929261327
1304	14	0.26914003364532135
1304	15	0.2592643158513326
1304	16	0.25977324781744215
1304	17	0.27568617409930596
1304	18	0.257924196100241
1304	19	0.29995703465066015
1304	20	0.2302117529252854
1304	21	0.19546678369175652
1304	22	0.23214184078071298
1304	23	0.268112746793868
1304	24	0.30965363026282233
1304	25	0.297627148515339
1304	26	0.3906166817565335
1304	27	0.48141341264760484
1304	28	0.3333832404872652
1305	1	0.11885120627177059
1305	2	0.0684430856577265
1305	3	0.07033197698837057
1305	4	0.05346041620835962
1305	5	0.07814096928836989
1305	6	0.0683360309391503
1305	7	0.10681837259442517
1305	8	0.07883161972578279
1305	9	0.09091030225033592
1305	10	0.04865954156356622
1305	11	0.035775873232609
1305	12	0.03290145183123627
1305	13	0.055525718810741864
1305	14	0.07856811459942037
1305	15	0.07770742511527118
1305	16	0.11629083605981805
1305	17	0.1250775124922754
1305	18	0.15840605552537568
1305	19	0.13332361752095778
1305	20	0.13567294547496545
1305	21	0.09933566706262553
1305	22	0.1172931657325762
1305	23	0.0017279706651507354
1305	24	0.025629025290676566
1305	25	0.020298968647693982
1305	26	0.0054138533533105715
1305	27	0.0012143912003779178
1305	28	-0.08284019006142529
1306	1	-0.021546687900723782
1306	2	-0.03551349106269441
1306	3	-0.03364939963627478
1306	4	0.008414828348051628
1306	5	-0.016052223318283154
1306	6	0.019546784808888162
1306	7	-6.349342586275952E-4
1306	8	0.010868553095882305
1306	9	0.006424863063195119
1306	10	0.00976410449793974
1306	11	-0.014062859753806833
1306	12	-0.023487443132381713
1306	13	-0.012503067565361903
1306	14	-0.04312602998537329
1306	15	-0.0834386889313663
1306	16	-0.06475939930254526
1306	17	-0.05449109768277083
1306	18	-0.07842384576485983
1306	19	-0.0794065364734422
1306	20	-0.07586559253773117
1306	21	-0.11263879263324128
1306	22	-0.0969017505824965
1306	23	-0.025287269678784696
1306	24	-0.08140835267698066
1306	25	-0.09672521617601149
1306	26	-0.09162124546229222
1306	27	-0.18054560827849997
1306	28	-0.0011034953835533656
1307	1	-0.20657264162750977
1307	2	-0.23261396878208984
1307	3	-0.19254562952079368
1307	4	-0.12029776070458098
1307	5	-0.1661953105918812
1307	6	-0.1477745116604865
1307	7	-0.1603008176132832
1307	8	-0.15952697818042338
1307	9	-0.17379939471926775
1307	10	-0.16418840232152832
1307	11	-0.21814326805363038
1307	12	-0.19586667391180868
1307	13	-0.19229713349519528
1307	14	-0.21906861724383475
1307	15	-0.26146990663831104
1307	16	-0.29036747955252906
1307	17	-0.3686843968326343
1307	18	-0.28606909392657087
1307	19	-0.3190382141875432
1307	20	-0.25694556835743043
1307	21	-0.3491064655300562
1307	22	-0.3295939077474941
1307	23	-0.2987623522121723
1307	24	-0.3572702451379186
1307	25	-0.41733805957964165
1307	26	-0.3399727110749211
1307	27	-0.2914190625175266
1307	28	-0.38796870171712783
1308	1	-0.9387589846909172
1308	2	-0.7810911504980993
1308	3	-0.643568939340895
1308	4	-0.5881197251562895
1308	5	-0.529185073670206
1308	6	-0.439581967604866
1308	7	-0.5292378731689524
1308	8	-0.4704614382640173
1308	9	-0.4802103428592588
1308	10	-0.6862410965677768
1308	11	-0.5914653769675908
1308	12	-0.5258462018907153
1308	13	-0.4905449311495076
1308	14	-0.7142957171456246
1308	15	-0.7464589947676359
1308	16	-0.7488892410281807
1308	17	-0.7052473458163249
1308	18	-0.6521133081116588
1308	19	-0.6160859137407328
1308	20	-0.514763712826678
1308	21	-0.678710838536631
1308	22	-0.6025306296060435
1308	23	-0.7494065119076225
1308	24	-0.7906184179214932
1308	25	-0.7441599180310163
1308	26	-0.7878331981715831
1308	27	-1.0208304640367345
1308	28	-1.1629674312412916
2101	1	0.4291077558108327
2101	2	0.40542623623331053
2101	3	0.3863455815377108
2101	4	0.22598314933033947
2101	5	0.2774219117517305
2101	6	0.26984614386975636
2101	7	0.29039234246459245
2101	8	0.2767614118195425
2101	9	0.3354629719955682
2101	10	0.3674346339262726
2101	11	0.3835724656270898
2101	12	0.3791874393777732
2101	13	0.39159458346868803
2101	14	0.5505076849630157
2101	15	0.5343515588284546
2101	16	0.5891194684951131
2101	17	0.6083005673805104
2101	18	0.5279214888917423
2101	19	0.49766173142885606
2101	20	0.4542783822374048
2101	21	0.5249948066172792
2101	22	0.5333147728021004
2101	23	0.5742300871339836
2101	24	0.5733053686438083
2101	25	0.5066718575600433
2101	26	0.543541743076652
2101	27	0.6382301731229063
2101	28	0.6991050986923781
2102	1	0.38017106808822376
2102	2	0.3482489566163878
2102	3	0.3257153223346876
2102	4	0.2053232388360584
2102	5	0.2051061964514318
2102	6	0.23794387719687649
2102	7	0.28434359961858746
2102	8	0.2531430963736696
2102	9	0.2964806132154081
2102	10	0.31646631800507663
2102	11	0.26670028267945867
2102	12	0.3139550623379961
2102	13	0.3092127788068879
2102	14	0.4696838019933338
2102	15	0.43116817226979975
2102	16	0.42784570578381675
2102	17	0.4607629021484172
2102	18	0.40453337112925425
2102	19	0.4478169150111668
2102	20	0.42235148410696155
2102	21	0.4095035308529589
2102	22	0.3393315358208753
2102	23	0.41821317171856975
2102	24	0.452960135854795
2102	25	0.36642321731140726
2102	26	0.3940393873860373
2102	27	0.4977483781612193
2102	28	0.5688704169281564
2103	1	0.34408945345111874
2103	2	0.3318610148736454
2103	3	0.3081233387263822
2103	4	0.16146118736039483
2103	5	0.2161137805874489
2103	6	0.19436179261307984
2103	7	0.19652325209245447
2103	8	0.23242116295929094
2103	9	0.26294538226940745
2103	10	0.2769639869487648
2103	11	0.25955582236789354
2103	12	0.27950884313936086
2103	13	0.29881614125563516
2103	14	0.4175124449759551
2103	15	0.3711673349737623
2103	16	0.41291991924487803
2103	17	0.40788822916556455
2103	18	0.40818855003510635
2103	19	0.37900980502013937
2103	20	0.364989787422104
2103	21	0.37607255320467203
2103	22	0.4110676827151849
2103	23	0.4670118620224599
2103	24	0.38462505653252776
2103	25	0.46116599391464774
2103	26	0.4607974504030494
2103	27	0.48631126736397334
2103	28	0.32363675928404945
2104	1	0.2901185711622887
2104	2	0.26766896327603007
2104	3	0.22863209551734798
2104	4	0.13819006023476987
2104	5	0.18746979021889132
2104	6	0.20751166847005464
2104	7	0.21779055375589707
2104	8	0.21268882900020714
2104	9	0.22542477950041473
2104	10	0.2611092550449641
2104	11	0.25618442826607435
2104	12	0.27889078513696575
2104	13	0.2714203994386395
2104	14	0.37376303280286294
2104	15	0.3590035042815458
2104	16	0.37135777463574726
2104	17	0.3606054383509232
2104	18	0.36070634919050804
2104	19	0.3614865852059026
2104	20	0.3614492524701589
2104	21	0.3439180817691181
2104	22	0.2396690148305609
2104	23	0.3677946928961333
2104	24	0.36292620545157206
2104	25	0.35776520865339734
2104	26	0.39290951936856544
2104	27	0.30888706374089026
2104	28	0.30592828284498097
2105	1	0.1371152462393468
2105	2	0.16481671169400158
2105	3	0.145385842774175
2105	4	0.09964877215867318
2105	5	0.10137286940784662
2105	6	0.13746872630684237
2105	7	0.11739541368265094
2105	8	0.11724388360023141
2105	9	0.16581472138392428
2105	10	0.16656021323090187
2105	11	0.1276535913834067
2105	12	0.1742934324376577
2105	13	0.17848977760937856
2105	14	0.23327567434656515
2105	15	0.24632550929671737
2105	16	0.20014902346657237
2105	17	0.18073783383784559
2105	18	0.2258188716324625
2105	19	0.20151916831601824
2105	20	0.18194544642937416
2105	21	0.1910586340279039
2105	22	0.2609516835303225
2105	23	0.2735475152884561
2105	24	0.30408717622729853
2105	25	0.28957421885223766
2105	26	0.14833010453052964
2105	27	0.3430228916040221
2105	28	0.46018272558948325
2106	1	-0.050760125392571354
2106	2	-0.018041379763431564
2106	3	-0.0457387478515372
2106	4	-0.006790229270315251
2106	5	-0.008490868369229077
2106	6	0.013375808892362784
2106	7	-6.080948233417871E-4
2106	8	0.006501331657680964
2106	9	0.03370814798284272
2106	10	-0.0452551731972477
2106	11	-0.01618380099330352
2106	12	-0.043827691106614
2106	13	0.019975513602432216
2106	14	-0.010503815714145048
2106	15	-0.026451779739552705
2106	16	-0.343818227204423
2106	17	-0.16606113772864717
2106	18	-0.0789038772367121
2106	19	-0.017890430539395652
2106	20	-0.05254247034797288
2106	21	-0.12431918932223596
2106	22	-0.059908965555813154
2106	23	-0.07899703679036207
2106	24	-0.08205262092471344
2106	25	-0.11315043032946903
2106	26	-0.12100208391339606
2106	27	-0.12765252141832661
2106	28	0.12813001620290265
2107	1	-0.1527594587436667
2107	2	-0.15588514762683303
2107	3	-0.1786031813281781
2107	4	-0.08886289400071945
2107	5	-0.11868551878829692
2107	6	-0.12273714536275548
2107	7	-0.11823009886245472
2107	8	-0.11915599371273089
2107	9	-0.13139711567779955
2107	10	-0.17862324332912038
2107	11	-0.17106536523518656
2107	12	-0.1839109568617232
2107	13	-0.14617513195603493
2107	14	-0.213734559188552
2107	15	-0.24745528241142978
2107	16	-0.22141839170481603
2107	17	-0.2734479192774586
2107	18	-0.27327726765668814
2107	19	-0.1796892430638195
2107	20	-0.1789402552492092
2107	21	-0.182877970938641
2107	22	-0.1857721470719298
2107	23	-0.12348517802145409
2107	24	-0.10115868326059285
2107	25	-0.15779730112598145
2107	26	-0.23267019037771064
2107	27	-0.20486002693709082
2107	28	-0.25433410155533664
2108	1	-0.523258537238334
2108	2	-0.3909017640351209
2108	3	-0.34601450247003385
2108	4	-0.23011013223275256
2108	5	-0.23077903967147506
2108	6	-0.44275495258310826
2108	7	-0.31977449050405227
2108	8	-0.5106675922221982
2108	9	-0.5227323274408278
2108	10	-0.5368141616467383
2108	11	-0.500804009468176
2108	12	-0.6725042963750667
2108	13	-0.5040491843444386
2108	14	-0.8599797638799913
2108	15	-1.0713042068333323
2108	16	-0.8318024927149921
2108	17	-0.733581729912693
2108	18	-0.7180300814757814
2108	19	-0.7005701643534579
2108	20	-0.5082180327098555
2108	21	-0.6025615585163493
2108	22	-0.7763841574782688
2108	23	-0.5346564305021815
2108	24	-0.6228554868681968
2108	25	-0.8103228945329164
2108	26	-0.8122298872794644
2108	27	-0.9077586602594039
2108	28	-0.7550136197445809
2201	1	0.4201388841427729
2201	2	0.35939928491711726
2201	3	0.31995119441604203
2201	4	0.19968628397325716
2201	5	0.22705655908521294
2201	6	0.22013723052459966
2201	7	0.2508997979783558
2201	8	0.24578054607525956
2201	9	0.3039188076600041
2201	10	0.3180855571847587
2201	11	0.34897875766121444
2201	12	0.3515561401791203
2201	13	0.34411126428940264
2201	14	0.47686112675160786
2201	15	0.5123645401486812
2201	16	0.4914776788345634
2201	17	0.5102684774958135
2201	18	0.45166476216874685
2201	19	0.39976974778431895
2201	20	0.46648344742640546
2201	21	0.44938727898047404
2201	22	0.5099179744906053
2201	23	0.5408849936294899
2201	24	0.48654987286808904
2201	25	0.4552908409158718
2201	26	0.4936802472317794
2201	27	0.3792482886982498
2201	28	0.53582908586813
2202	1	0.3856461470077761
2202	2	0.3564230859240709
2202	3	0.29843616737158385
2202	4	0.19976724808835655
2202	5	0.21303887889555995
2202	6	0.2084667419096604
2202	7	0.221407083527275
2202	8	0.24288614875712966
2202	9	0.2849117138773849
2202	10	0.27883024557237235
2202	11	0.3071110272005271
2202	12	0.3103103676750223
2202	13	0.2920847010799861
2202	14	0.39244054190453426
2202	15	0.3908489198326919
2202	16	0.45600471753365923
2202	17	0.39108113386212295
2202	18	0.4262480607720036
2202	19	0.45283405885960804
2202	20	0.4093975127022773
2202	21	0.4202962443868472
2202	22	0.33798128760164303
2202	23	0.34462994933633695
2202	24	0.44973081369670354
2202	25	0.517431329933693
2202	26	0.5569275223709056
2202	27	0.4693746384137114
2202	28	0.3918536874896006
2203	1	0.34914688308548847
2203	2	0.3145929727747969
2203	3	0.290269475852341
2203	4	0.16365395717904363
2203	5	0.1855618492987361
2203	6	0.20982852885416747
2203	7	0.241503588295231
2203	8	0.21686123898926013
2203	9	0.2424030965577728
2203	10	0.27538049662179276
2203	11	0.2966603933446379
2203	12	0.28085073565055296
2203	13	0.24862807784872132
2203	14	0.3555412570254788
2203	15	0.39907646658384976
2203	16	0.4191528732516616
2203	17	0.42611624508556645
2203	18	0.3950211520389715
2203	19	0.4058336585284863
2203	20	0.39062449843983416
2203	21	0.4364440843345747
2203	22	0.4207930974288985
2203	23	0.4641671382081327
2203	24	0.4225932530194072
2203	25	0.5091186336818865
2203	26	0.46616430092485217
2203	27	0.4371700742866196
2203	28	0.20356231254545776
2204	1	0.30097308186753224
2204	2	0.25873657000807526
2204	3	0.18463077184640042
2204	4	0.12556849653088875
2204	5	0.15557644319898856
2204	6	0.14511799837084283
2204	7	0.12045779842100046
2204	8	0.13661540820371698
2204	9	0.195527844527966
2204	10	0.18785971103665133
2204	11	0.23623189502434627
2204	12	0.2118818179819968
2204	13	0.194174793726269
2204	14	0.2570041113152257
2204	15	0.2689851896377391
2204	16	0.3352505940957542
2204	17	0.2699903812190456
2204	18	0.2584234222133972
2204	19	0.2899921008510944
2204	20	0.3091221633527894
2204	21	0.2352693145458602
2204	22	0.25591215230888764
2204	23	0.31201257830588247
2204	24	0.32267692390790614
2204	25	0.2877779410190726
2204	26	0.32888532463808673
2204	27	0.3274364372420564
2204	28	0.1966882426708949
2205	1	0.12049863149196227
2205	2	0.12257454958066205
2205	3	0.10497137521776523
2205	4	0.046968194231055804
2205	5	0.08989457538863377
2205	6	0.07479202378654293
2205	7	0.08273216110914916
2205	8	0.09323966844770837
2205	9	0.11233962620334381
2205	10	0.12262310426697809
2205	11	0.08613115684637052
2205	12	0.13015551874951825
2205	13	0.14328857924692073
2205	14	0.15508933956694904
2205	15	0.18448549842030104
2205	16	0.1712874808169147
2205	17	0.1414079277454121
2205	18	0.1161841930584302
2205	19	0.15907892858317751
2205	20	0.1495147464288138
2205	21	0.1825136270605654
2205	22	0.13555454293352653
2205	23	0.22011435199382845
2205	24	0.20705836546029843
2205	25	0.16268244167943635
2205	26	0.1428305820484681
2205	27	0.3434374742129549
2205	28	0.40208619274796575
2206	1	0.015533415299529452
2206	2	-0.0010478831507896302
2206	3	-0.03616714587254677
2206	4	-0.009519063237561909
2206	5	-0.0184899209501026
2206	6	0.003970116460195072
2206	7	0.01435490023094843
2206	8	-0.03395835788241186
2206	9	8.945311235848408E-4
2206	10	-0.03836258784168223
2206	11	-0.08778244400444635
2206	12	-0.10539925928098626
2206	13	-0.09332691815114202
2206	14	-0.0026918334864873827
2206	15	-0.05648452129918269
2206	16	-0.1002425517679768
2206	17	-0.11164369596490076
2206	18	-0.07093738021441709
2206	19	-0.06257176791031327
2206	20	-0.06595970509945914
2206	21	-0.0366705893653716
2206	22	-0.04214480648374064
2206	23	-0.10756077533189767
2206	24	-0.06409629157154484
2206	25	-0.027516176627990774
2206	26	-0.12113554543569904
2206	27	-0.09940374527235463
2206	28	-0.015560125493223609
2207	1	-0.1515801849292231
2207	2	-0.13702544492721813
2207	3	-0.13130661243484099
2207	4	-0.07908574055254292
2207	5	-0.10034958884978806
2207	6	-0.07873629947869176
2207	7	-0.05246674970185694
2207	8	-0.06980480451539961
2207	9	-0.12134158026569253
2207	10	-0.1849624436816555
2207	11	-0.14895937562469896
2207	12	-0.409958732427242
2207	13	-0.34309807250904356
2207	14	-0.2844348659270537
2207	15	-0.18678731258804504
2207	16	-0.22275115717586402
2207	17	-0.18286108087887953
2207	18	-0.23685408457291857
2207	19	-0.1429280642526436
2207	20	-0.2028886293642458
2207	21	-0.18587278712839606
2207	22	-0.16402728892990126
2207	23	-0.09933147208375459
2207	24	-0.1455911718560472
2207	25	-0.15485122375738314
2207	26	-0.10738221918641955
2207	27	-0.06338012883973221
2207	28	-0.20704909943162164
2208	1	-0.6053645694413632
2208	2	-0.37640200692368353
2208	3	-0.4083004301147355
2208	4	-0.21004012661404659
2208	5	-0.26676995226976885
2208	6	-0.24921208315594612
2208	7	-0.24395925341509894
2208	8	-0.26466918594914546
2208	9	-0.3188751178157503
2208	10	-0.38429443060338997
2208	11	-0.4894394730881686
2208	12	-0.4791560486354527
2208	13	-0.40597118074791894
2208	14	-0.5438711855433596
2208	15	-0.5461501401377618
2208	16	-0.8068399020296511
2208	17	-0.6556834327685337
2208	18	-0.8210548045842572
2208	19	-0.5034285847417479
2208	20	-0.8259361314237026
2208	21	-0.510637643484344
2208	22	-0.41418932758718796
2208	23	-0.3673053807986264
2208	24	-0.35945707445051056
2208	25	-0.42546963892123557
2208	26	-0.45675609872768064
2208	27	-0.38755669055485953
2208	28	-0.4972595117469325
2301	1	0.4430105412750436
2301	2	0.3851518467247601
2301	3	0.3484126300947423
2301	4	0.2086803951718892
2301	5	0.23592273173977674
2301	6	0.2587408325861986
2301	7	0.2991562922003794
2301	8	0.28731379881730135
2301	9	0.33286951756117134
2301	10	0.3742604376584495
2301	11	0.3535583580733359
2301	12	0.3581146864186522
2301	13	0.34472784603968876
2301	14	0.5018008607561768
2301	15	0.5124691310916134
2301	16	0.5430697249378724
2301	17	0.5307297314418307
2301	18	0.5364012370506686
2301	19	0.49391437651937764
2301	20	0.4560956304420287
2301	21	0.5154857375404092
2301	22	0.45719325994977567
2301	23	0.5691587339664892
2301	24	0.4791202744587082
2301	25	0.6065005280037497
2301	26	0.46293027288069766
2301	27	0.4696286181117202
2301	28	0.4650415833375945
2302	1	0.43228380399423827
2302	2	0.3933383825098815
2302	3	0.31962574231544494
2302	4	0.2181949830697718
2302	5	0.24439283683397406
2302	6	0.22187244587070154
2302	7	0.2748014765174105
2302	8	0.2692091283900382
2302	9	0.34365571535703054
2302	10	0.35610868174718036
2302	11	0.3326934520616973
2302	12	0.34796187893157793
2302	13	0.3435754590018405
2302	14	0.46997424278877986
2302	15	0.4606684584332186
2302	16	0.5028232565755388
2302	17	0.5170029546212902
2302	18	0.4753042898965987
2302	19	0.41347661848349304
2302	20	0.40445339840014327
2302	21	0.5318468386060502
2302	22	0.4770974699468624
2302	23	0.4148230087946274
2302	24	0.5092519293060604
2302	25	0.5506518674491474
2302	26	0.5284093056324579
2302	27	0.5537151419260766
2302	28	0.4719021452288601
2303	1	0.3302426925519768
2303	2	0.32990530159286635
2303	3	0.30242318115906386
2303	4	0.17285783865521864
2303	5	0.21980626496394962
2303	6	0.207785546552266
2303	7	0.22164331501279833
2303	8	0.23220843819937187
2303	9	0.29681147491969995
2303	10	0.29029731065989495
2303	11	0.27477552396701554
2303	12	0.30668842813511077
2303	13	0.3017316695413683
2303	14	0.42539003364532135
2303	15	0.4561983954533204
2303	16	0.435842899558736
2303	17	0.4352042089251782
2303	18	0.4251686110888926
2303	19	0.4149742220369461
2303	20	0.35174888190443454
2303	21	0.4067571238780232
2303	22	0.42696819405210107
2303	23	0.07681839518447475
2303	24	0.3129853471297537
2303	25	0.39060518663053045
2303	26	0.46218291838334125
2303	27	0.3312241164851528
2303	28	0.5301756829544502
2304	1	0.2677975539240265
2304	2	0.24443725131598626
2304	3	0.20546427213423613
2304	4	0.11998937813076793
2304	5	0.15097776507791139
2304	6	0.16567568983091974
2304	7	0.20105374583433644
2304	8	0.17336701797896836
2304	9	0.17076006153676104
2304	10	0.21064023465937964
2304	11	0.25209390780104
2304	12	0.23954985100426285
2304	13	0.253787065282431
2304	14	0.3139966163939789
2304	15	0.3329974634644799
2304	16	0.35902658390218534
2304	17	0.29436515332616153
2304	18	0.2890394112733077
2304	19	0.29406200771940405
2304	20	0.293266776008295
2304	21	0.27598019087746906
2304	22	0.35321937583903207
2304	23	0.35472893440016406
2304	24	0.43617630874817337
2304	25	0.37883302972122124
2304	26	0.29700434695477185
2304	27	0.3623783764370003
2304	28	0.20902514205868528
2305	1	0.20844650341128101
2305	2	0.1861219908248941
2305	3	0.16176342647675312
2305	4	0.10343813103779809
2305	5	0.11649117196243708
2305	6	0.10986834261514389
2305	7	0.14470517901889934
2305	8	0.15806645910993922
2305	9	0.16887730666808665
2305	10	0.1603267195012208
2305	11	0.130645002169949
2305	12	0.17867534828597798
2305	13	0.14985202886784066
2305	14	0.2306681113990976
2305	15	0.2641356261465049
2305	16	0.24395071362017262
2305	17	0.250651976835087
2305	18	0.25100523449754775
2305	19	0.26274887086202625
2305	20	0.254800009361297
2305	21	0.2843368915258324
2305	22	0.2289762657036789
2305	23	0.20317185355774114
2305	24	0.2251456511373533
2305	25	0.22522615603375584
2305	26	0.19858606927463285
2305	27	0.2726642107791406
2305	28	0.3492233020020663
2306	1	0.07573398608430892
2306	2	0.07182072447844234
2306	3	0.05848661399488719
2306	4	0.024381470496017243
2306	5	0.061379648048529134
2306	6	0.04609400426370769
2306	7	0.05979630008742021
2306	8	0.05279301531379588
2306	9	0.07215351472069642
2306	10	0.07162504697830485
2306	11	0.022443434414775254
2306	12	-0.017938437536528795
2306	13	0.09510853521300788
2306	14	0.12081913812293266
2306	15	0.08042103226924269
2306	16	0.09287026274281374
2306	17	0.09324214424856336
2306	18	0.1450029284354386
2306	19	0.04733787186148675
2306	20	0.021366828584497455
2306	21	0.10261141902714144
2306	22	0.02924853799456173
2306	23	-0.4865098030831163
2306	24	-0.03147974433802858
2306	25	-0.03930479451416602
2306	26	0.14512584975253162
2306	27	0.19990850299143403
2306	28	0.1769249762790892
2307	1	-0.05824438018694167
2307	2	-0.026428250924034558
2307	3	-0.034094372948104024
2307	4	-0.04456898128653819
2307	5	-0.07490583749449797
2307	6	-0.09081390224103814
2307	7	-0.06219061940251436
2307	8	-0.08055191369552972
2307	9	-0.046357415244358435
2307	10	-0.12097658124718436
2307	11	-0.1109369099596691
2307	12	-0.1293681305293788
2307	13	-0.1920279636011486
2307	14	-0.08329895073993043
2307	15	-0.10436518377689197
2307	16	-0.08415547982109928
2307	17	-0.15564425060436093
2307	18	-0.09045039908955488
2307	19	-0.0791212928296261
2307	20	-0.07485656302659294
2307	21	-0.03431594525663684
2307	22	-0.03246237148134412
2307	23	0.02083556281287713
2307	24	-0.06715541339336539
2307	25	-0.18464739097191796
2307	26	-0.09585279590237406
2307	27	-0.04896668933097459
2307	28	-0.1753320225532562
2308	1	-0.580296293171358
2308	2	-0.36332539255840146
2308	3	-0.29225116372251136
2308	4	-0.19131881406366347
2308	5	-0.1897559973958849
2308	6	-0.21826850804107778
2308	7	-0.1816798582040633
2308	8	-0.2078457424844231
2308	9	-0.38493697505933255
2308	10	-0.3688026465882217
2308	11	-0.35777223119845303
2308	12	-0.36879981148938157
2308	13	-0.3199717232681678
2308	14	-0.43332185052807404
2308	15	-0.44173319050131
2308	16	-0.38738731273173244
2308	17	-0.47404142100062785
2308	18	-0.3846003157443647
2308	19	-0.47453563762855566
2308	20	-0.3496767950710975
2308	21	-0.29625287402978273
2308	22	-0.3330710592349746
2308	23	-0.45687266529949255
2308	24	-0.4952760416069779
2308	25	-0.5280884226937985
2308	26	-0.49521087914711615
2308	27	-0.2467872484798832
2308	28	-0.249648225775708
>>END_MODULE
>>Per sequence quality scores	pass
#Quality	Count
2	9.0
3	1.0
4	1.0
5	4.0
6	2.0
7	1.0
8	0.0
9	1.0
10	1.0
11	1.0
12	2.0
13	5.0
14	4.0
15	6.0
16	7.0
17	14.0
18	27.0
19	61.0
20	80.0
21	102.0
22	150.0
23	315.0
24	563.0
25	1075.0
26	2147.0
27	3954.0
28	6827.0
29	11066.0
30	16679.0
31	23889.0
32	33306.0
33	45884.0
34	63927.0
35	94229.0
36	149433.0
37	408918.0
38	1623079.0
39	168221.0
>>END_MODULE
>>Per base sequence content	fail
#Base	G	A	T	C
1	13.394085405206813	35.09908894524279	30.227833471577682	21.278992177972718
2	19.490834746613686	38.45276792573901	22.443519966721816	19.61287736092549
3	19.557715154271435	28.66584702058146	21.020530966382328	30.75590685876478
4	26.261920255193026	25.740328433668385	18.78401245520426	29.21373885593433
5	26.49330762613739	30.47689310174752	19.230170712711537	23.799628559403555
6	30.42026141008014	26.150465468797744	19.49230423162701	23.936968889495102
7	28.171271115840256	29.148478649701527	16.151260497869057	26.52898973658916
8	21.19939366787604	30.307977683420933	23.17536118246068	25.31726746624235
9	21.754218458163574	23.98907908881379	26.54718874329265	27.70951370972999
10	25.51967960705217	26.774054621888315	21.86676593854312	25.83949983251639
11	26.878689490657653	28.420782135282295	21.434247516287737	23.266280857772315
12	27.986153683264188	18.87707983938152	29.688194119723843	23.44857235763045
13	22.52660238862905	22.879429508238726	25.18369504644138	29.41027305669085
14	21.132513260218293	25.39974702250309	20.222073096706055	33.245666620572564
15	25.125217078731616	26.36651744485946	19.00631916234833	29.501946314060596
16	22.542729044672722	27.044063073311097	19.39482839240977	31.018379489606406
17	27.40578246120654	21.293968216169535	23.521142309826974	27.779107012796956
18	23.269887596960046	24.814207274311777	18.51694937417293	33.398955754555246
19	24.779405786323228	22.826867362345947	23.74525772395555	28.64846912737527
20	34.20788523314511	18.967208044853248	23.009686945070733	23.815219776930903
21	27.117671659464143	23.198319158779622	21.52525343968738	28.15875574206885
22	23.223792703285966	21.82193900403111	31.568365975813347	23.38590231686958
23	22.20025873391554	27.185001333170938	24.07739633361533	26.53734359929819
24	20.04622542142318	27.919259028669142	22.585531954815078	29.4489835950926
25	18.967694298917877	23.912596910638946	16.591130117750826	40.52857867269235
26	14.696629213483146	17.76562275878556	22.36213244083194	45.175615586899355
27	10.57025518661489	17.08700664781494	21.04242785772873	51.300310307841436
28	13.179819341259599	23.89593956326188	21.985993309863566	40.938247785614955
>>END_MODULE
>>Per sequence GC content	warn
#GC Content	Count
0	42.0
1	42.0
2	55.5
3	71.5
4	74.0
5	72.5
6	82.0
7	100.5
8	117.0
9	135.5
10	162.0
11	197.0
12	231.5
13	459.0
14	767.5
15	957.5
16	1148.5
17	1477.0
18	1922.0
19	2379.0
20	3521.0
21	5061.0
22	6088.0
23	7162.5
24	8928.5
25	12469.5
26	18227.5
27	22681.0
28	29325.5
29	37918.0
30	51856.0
31	75331.0
32	92007.0
33	103804.0
34	126192.5
35	158476.0
36	180547.0
37	208898.5
38	244860.0
39	296615.0
40	351440.5
41	372504.5
42	385579.5
43	380162.5
44	360582.0
45	363700.5
46	380604.0
47	393655.0
48	426565.5
49	453150.0
50	463053.0
51	472956.0
52	433001.5
53	399901.5
54	363214.0
55	323596.0
56	318282.0
57	285612.5
58	239919.0
59	216456.0
60	195201.5
61	164410.0
62	158285.0
63	158969.0
64	145827.0
65	139629.5
66	134713.5
67	123491.0
68	113783.5
69	153807.0
70	201339.0
71	201058.5
72	201084.5
73	195558.5
74	191350.0
75	136074.0
76	73815.0
77	68602.5
78	67132.5
79	52790.5
80	33800.5
81	26543.5
82	23474.5
83	20195.0
84	17369.5
85	14719.5
86	10767.0
87	8120.0
88	6746.0
89	6516.5
90	7064.5
91	6864.0
92	6212.5
93	5581.0
94	4667.0
95	4132.0
96	4113.0
97	3649.0
98	2149.0
99	1113.0
100	1113.0
>>END_MODULE
>>Per base N content	pass
#Base	N-Count
1	0.10881724919187745
2	0.0
3	0.0
4	0.0
5	0.0
6	0.0
7	0.0
8	0.0
9	0.0
10	0.0
11	0.0
12	0.0
13	0.0
14	0.0
15	0.0
16	0.0
17	0.0
18	0.0
19	0.0
20	0.0
21	0.0
22	0.0
23	0.0
24	0.0
25	0.0
26	0.0
27	0.0
28	0.0
>>END_MODULE
>>Sequence Length Distribution	warn
#Length	Count
17	168560.0
18	308470.0
19	172201.0
20	204233.0
21	228751.0
22	356628.0
23	277136.0
24	241881.0
25	173256.0
26	174189.0
27	189048.0
28	159638.0
>>END_MODULE
>>Sequence Duplication Levels	fail
#Total Deduplicated Percentage	10.221049840898836
#Duplication Level	Percentage of deduplicated	Percentage of total
1	73.54806023846821	7.517383893988136
2	9.063961978653714	1.8528641427966328
3	3.5977125076619063	1.1031719656211243
4	2.2045716575139327	0.9013214715713145
5	1.4759397022417644	0.754282662938723
6	1.1176216922127302	0.6853960211625608
7	0.8639030906561664	0.6180997583112257
8	0.6789729915639248	0.5551853429919248
9	0.5510678897584135	0.506924313024572
>10	4.995746284317955	10.773662868696983
>50	0.8705716092774781	6.253890320013558
>100	0.8094400593029802	16.948162937077733
>500	0.11047862501860428	7.960348501551014
>1k	0.09427509334920899	19.78891032701339
>5k	0.009943076251674385	6.715020794272411
>10k+	0.007733503751302299	17.065374678968723
>>END_MODULE
>>Overrepresented sequences	fail
#Sequence	Count	Percentage	Possible Source
ATCCCGGACGAGCCCCCA	107669	4.056871330761861	No Hit
AACATTCAACGCTGTCGGTGAG	32439	1.2222724191604266	No Hit
TGAGAACTGAATTCCATGGGTT	32308	1.2173364566797702	No Hit
CAACGGAATCCCAAAAGCAGCTG	28078	1.057953851388343	No Hit
TCGTACGACTCTTAGCGG	26054	0.9816913471070551	No Hit
TATTGCACTTGTCCCGGCCTGT	23480	0.8847053362275907	No Hit
TATTGCACTTGTCCCGGCCTGTAA	21226	0.7997766382779745	No Hit
TTAATGCTAATCGTGATAGGGGTT	19760	0.7445390734181088	No Hit
GAGAAAGCTCACAAGAACTG	16573	0.6244557724574047	No Hit
ATCCCGGACGAGCCCCC	15955	0.601170086861636	No Hit
AAACATATAACTGAACTCCTCACACCC	14764	0.5562942753008582	No Hit
TTAATGCTAATCGTGATAGGGGT	13867	0.5224961199943783	No Hit
TATTGCACTTGTCCCGGCCTG	13119	0.4943121510208588	No Hit
TGAGGTAGTAGATTGTATAGTT	12242	0.4612675777724944	No Hit
CAACACCAGTCGATGGGCTGT	11785	0.44404822774455527	No Hit
TGAGGTAGTAGGTTGTATAGTT	11512	0.43376183265127877	No Hit
AACATTCAACGCTGTCGGTGAGT	11177	0.42113933317784424	No Hit
TGAGAACTGAATTCCATAGGCTGT	11110	0.41861483328315735	No Hit
CCCCCCACTGCTAAATTTGACTGGCTT	10167	0.38308343924301175	No Hit
TATTGCACTTGTCCCGGCCTGTA	10069	0.37939088715824587	No Hit
AAACATATAACTGAACTCCTCACACC	10027	0.3778083648362033	No Hit
CCCATAAAGTAGAAAGCACT	9888	0.3725709695323006	No Hit
TCAGTGCACTACAGAACTTTGT	9850	0.37113916362188115	No Hit
AACATATAACTGAACTCCTCACACCC	9487	0.35746164926708496	No Hit
GAGAAAGCTCACAAGAACTGCTAACT	8598	0.3239649267838512	No Hit
CGCGACCTCAGATCAGACGTGGCGACC	7950	0.2995488681009092	No Hit
TATAACTGAACTCCTCACACCC	7912	0.2981170621904897	No Hit
TAACCTGATCAGCCCCGGAGTT	7720	0.290882674432581	No Hit
TAACCTGATCAGCCCCGGAGT	7215	0.27185472746516476	No Hit
ACCGGGTGCTGTAGGCTT	7048	0.2655623172799004	No Hit
GCTCTTTGGACACTAGGAAAAAACC	6928	0.2610408249312074	No Hit
TGAGAACTGAATTCCATGGGTTG	6870	0.25885543696267244	No Hit
AACGAGACTCTGGCATGCTAACTAGTT	6640	0.2501892432943443	No Hit
AACATATAACTGAACTCCTCACACC	6511	0.24532863901949933	No Hit
TATAACTGAACTCCTCACACC	5793	0.21827504313315307	No Hit
AACGAGACTCTGGCATGCTAACT	5763	0.21714467004597982	No Hit
AACGAGACTCTGGCATGCT	5719	0.21548678951812572	No Hit
TATTGCACTTGTCCCGGCCTGTAT	5676	0.21386658809317743	No Hit
CCACCACGTTCCCGTGG	5625	0.21194495384498288	No Hit
GGGCTACGCCTGTCTGAGCGTCGC	5502	0.20731042418757262	No Hit
AACTGAACTCCTCACACCC	5420	0.20422073774929908	No Hit
TGAGAACTGAATTCCATGGGT	5325	0.20064122297325046	No Hit
GCCCAGTGCTCTGAATGTC	5301	0.19973692450351185	No Hit
GTTTGTGATGACTTACA	5254	0.19796600666694047	No Hit
AAGCGTTGGATTGTTCACCC	5217	0.19657187985942678	No Hit
TCAGTGCACTACAGAACTTTGTC	5104	0.19231414123107426	No Hit
TGAGAACTGAATTCCATGGGTTA	5054	0.19043018608578552	No Hit
AACGAGAACTTTGAAGGCCGAAGT	5030	0.1895258876160469	No Hit
TGCCCAGTGCTCTGAATGTC	4993	0.18813176080853328	No Hit
ACCGGGTGCTGTAGGCTTA	4884	0.18402473859180382	No Hit
ACTGAACTCCTCACACCC	4816	0.18146255959421112	No Hit
GTGGTTGTAGTCCGTGCGAGAATACCA	4808	0.18116112677096494	No Hit
TGCCTTGGAAAGCGTCGCGGTTCCG	4718	0.17777000750944522	No Hit
CGCGACCTCAGATCAGACGTGGCGACCC	4585	0.17275868682297715	No Hit
GAGAAAGCTCACAAGAACTGCT	4534	0.17083705257478266	No Hit
ACCGGGTGCTGTAGGCTTT	4428	0.16684306766677054	No Hit
TCCACCACGTTCCCGTGG	4374	0.1648083961098587	No Hit
TAGCAGCACGTAAATATTGGCG	4368	0.16458232149242405	No Hit
CAAACATATAACTGAACTCCTCACACCC	4265	0.16070137389312925	No Hit
AATTCACCAAGCGTTGGATTGTTCACCC	4254	0.16028690376116572	No Hit
AATTGGACCAATCTATCACCCT	4161	0.15678274719092866	No Hit
CAGAGTGTAGCTTAACACAAAGCACCC	4041	0.1522612548422357	No Hit
TCCCGGACGAGCCCCCA	4039	0.15218589663642418	No Hit
AACGAGAACTTTGAAGGCCGAAG	3881	0.14623259837731176	No Hit
TGAGAACTGAATTCCATAGGCTG	3835	0.1444993596436461	No Hit
AATTGGACCAATCTATCACCCTATAGAA	3814	0.14370809848262484	No Hit
AACTGAACTCCTCACACC	3758	0.14159806871990147	No Hit
TCACCCGGCCCGGACACG	3743	0.14103288217631485	No Hit
GAATTCACCAAGCGTTGGATTGTTCACC	3737	0.1408068075588802	No Hit
CCCCCACTGCTAAATTTGACTGGCTT	3727	0.14043001652982243	No Hit
CGTGGTTGTAGTCCGTGCGAGAATACCA	3692	0.13911124792812035	No Hit
TATTGCACTTGTCCCGGCCTGTAAA	3666	0.13813159125257019	No Hit
TAGCTTATCAGACTGATGTTGA	3630	0.1367751435479623	No Hit
AACGAGACTCTGGCATGCTAAC	3515	0.1324420467137982	No Hit
TTAATGCTAATCGTGATAGGGG	3511	0.1322913303021751	No Hit
TTCACAGTGGCTAAGTTCTG	3504	0.13202757658183467	No Hit
TGAGAACTGAATTCCATGGGTTT	3470	0.13074648708303835	No Hit
ACCGGGTGCTGTAGGCT	3448	0.1299175468191113	No Hit
TATCTGAACACACAATAGCTAAGACCC	3433	0.12935236027552469	No Hit
GCTCTTTGGACACTAGGAAAAAACCT	3417	0.12874949462903226	No Hit
AATTGGACCAATCTATCACCC	3356	0.12645106935178002	No Hit
GTCTACGGCCATACCACCCTGAACG	3339	0.12581052460238185	No Hit
CCCCCCACTGCTAAATTTGACTG	3317	0.1249815843384548	No Hit
TGTAAACATCCCCGACTGGAAGCT	3304	0.12449175600067973	No Hit
TATTGCACTTGTCCCGGCCTGA	3268	0.12313530829607185	No Hit
TACCCTGTAGATCCGAATTTGT	3264	0.12298459188444875	No Hit
GATAACGAACGAGACTCTGGCA	3255	0.12264547995829676	No Hit
ACGGCCCTGGCGGAGCGCTGAGAAGACG	3198	0.12049777109266761	No Hit
ACCGGGCGGAAACACCA	3175	0.1196311517258348	No Hit
TAACCTGATCAGCCCCGGAG	3120	0.11755880106601717	No Hit
TTTTTCCAAGGACACCA	3101	0.11684289811080746	No Hit
AAACGAGAACTTTGAAGGCCGAAGT	3074	0.11582556233235154	No Hit
TTCAAGTAATCCAGGATAGGCT	3051	0.11495894296551872	No Hit
TGAGGTAGTAGTTTGTACAGTT	3044	0.11469518924517831	No Hit
AACGAGACTCTGGCATGCTA	3040	0.1145444728335552	No Hit
TGAGAAGACGGTCGAACTTGACT	3015	0.11360249526091083	No Hit
CCCGGGGCTACGCCTGTCTGAGCGTCG	2988	0.11258515948245491	No Hit
CCCGGGGCTACGCCTGTCTGAGCGTC	2942	0.11085192074878929	No Hit
GTTAAGATGGCAGAGCCC	2924	0.11017369689648533	No Hit
ACTGAACTCCTCACACC	2923	0.11013601779357957	No Hit
TTAATGCTAATCGTGATAGGGGTTA	2905	0.10945779394127561	No Hit
GGGAATACCGGGTGCTGTAGGCTT	2891	0.10893028650059476	No Hit
AATTCCCGGACGTCTAAACC	2886	0.1087418909860659	No Hit
TAACTGAACTCCTCACACCC	2846	0.10723472686983489	No Hit
TTAATGCTAATCGTGATAGGGGTTT	2827	0.10651882391462518	No Hit
GATAACGAACGAGACTCTGGCATGCT	2814	0.10602899557685011	No Hit
AAGCATAATATAGCAAGGACT	2809	0.10584060006232124	No Hit
TAGCTTATCAGACTGATGTTGACT	2808	0.10580292095941546	No Hit
CAATTGGACCAATCTATCACCCT	2778	0.10467254787224223	No Hit
CAAACATATAACTGAACTCCTCACACC	2777	0.10463486876933643	No Hit
AAACATATAACTGAACTCCTCACACCCA	2774	0.10452183146061912	No Hit
ATCTGTGGGATTATGACTGAACGCCT	2720	0.10248715990370728	No Hit
AAACGAGAACTTTGAAGGCCGAAG	2664	0.1003771301409839	No Hit
>>END_MODULE
>>Adapter Content	pass
#Position	Illumina Universal Adapter	Illumina Small RNA 3' Adapter	Illumina Small RNA 5' Adapter	Nextera Transposase Sequence	SOLID Small RNA Adapter
1	0.0	0.0	0.0	0.0	0.0
2	0.0	0.0	0.0	0.0	0.0
3	0.0	0.0	0.0	0.0	0.0
4	0.0	0.0	0.0	0.0	0.0
5	0.0	0.0	0.0	0.0	0.0
6	0.0	0.0	0.0	0.0	0.0
7	0.0	0.0	0.0	0.0	0.0
8	3.767910290577474E-5	0.0	0.0	0.0	0.0
9	3.767910290577474E-5	0.0	0.0	0.0	0.0
10	3.767910290577474E-5	0.0	0.0	0.0	0.0
11	3.767910290577474E-5	0.0	0.0	0.0	0.0
12	3.767910290577474E-5	0.0	0.0	0.0	0.0
13	3.767910290577474E-5	0.0	0.0	0.0	0.0
14	3.767910290577474E-5	0.0	0.0	0.0	0.0
15	3.767910290577474E-5	0.0	0.0	0.0	0.0
16	3.767910290577474E-5	0.0	0.0	0.0	0.0
17	7.535820581154948E-5	0.0	0.0	0.0	0.0
>>END_MODULE
